SECM Probe
X Axis: X-Position (micrometers)
Y Axis: Y-Position (micrometers)
Amplitude Axis: Probe Output (Amps)

Current Convention: European
Map Bias: 8.00000e-001V
Recorded by Potentiostat ID: 0


X-Y Table:
0	5	10	15	20	25	30	35	40	45	50	55	60	65	70	75	80	85	90	95	100	105	110	115	120	125	130	135	140	145	150	155	160	165	170	175	180	185	190	195	200	205	210	215	220	225	230	235	240	245	250	255	260	265	270	275	280	285	290	295	300	305	310	315	320	325	330	335	340	345	350	355	360	365	370	375	380	385	390	395	400	405	410	415	420	425	430	435	440	445	450	455	460	465	470	475	480	485	490	495	500	505	510	515	520	525	530	535	540	545	550	555	560	565	570	575	580	585	590	595	600	605	610	615	620	625	630	635	640	645	650	655	660	665	670	675	680	685	690	695	700	705	710	715	720	725	730	735	740	745	750	755	760	765	770	775	780	785	790	795	800	805	810	815	820	825	830	835	840	845	850	855	860	865	870	875	880	885	890	895	900	905	910	915	920	925	930	935	940	945	950	955	960	965	970	975	980	985	990	995	1000	
1.73718e-011	2.05303e-011	4.73778e-012	2.05303e-011	2.36889e-011	4.73778e-012	-3.15837e-013	4.73778e-012	1.10548e-011	2.87425e-011	2.93742e-011	2.36889e-011	6.63289e-012	8.52800e-012	2.81108e-011	-3.15837e-013	-2.84265e-012	-3.47435e-012	4.10608e-012	-4.10605e-012	-9.47538e-013	2.43206e-011	7.89629e-012	4.10608e-012	6.00119e-012	1.42133e-011	3.56912e-011	1.61084e-011	1.98986e-011	-6.00116e-012	-3.15837e-013	-3.47435e-012	-8.52797e-012	1.54767e-011	4.73778e-012	8.52800e-012	1.16865e-011	4.73778e-012	-4.10605e-012	2.68474e-011	1.54767e-011	1.67401e-011	-3.15837e-013	1.42133e-011	1.73718e-011	-9.47538e-013	-7.26456e-012	3.15865e-013	1.73718e-011	6.00119e-012	1.57927e-012	3.56912e-011	-3.15837e-013	6.63289e-012	2.68474e-011	2.55840e-011	9.15970e-012	2.55840e-011	3.50595e-011	3.47438e-012	4.07448e-011	1.23182e-011	3.44278e-011	8.52800e-012	1.42133e-011	1.23182e-011	3.37961e-011	6.47495e-011	8.62274e-011	7.80153e-011	5.46423e-011	5.65374e-011	6.60129e-011	6.22227e-011	5.59057e-011	7.29616e-011	8.37006e-011	1.00125e-010	1.14022e-010	1.19076e-010	1.36764e-010	1.65190e-010	1.73402e-010	1.96775e-010	1.98670e-010	2.06251e-010	2.14463e-010	2.39099e-010	2.15726e-010	2.41626e-010	2.62472e-010	2.34046e-010	2.61841e-010	2.82055e-010	2.71316e-010	3.10482e-010	3.22484e-010	3.45225e-010	3.56596e-010	3.55964e-010	3.40803e-010	3.19957e-010	3.09218e-010	3.19957e-010	2.80792e-010	2.79528e-010	2.91531e-010	3.04796e-010	3.33855e-010	3.35750e-010	3.35750e-010	3.67967e-010	3.37645e-010	2.99743e-010	2.69421e-010	2.49207e-010	2.41626e-010	2.74475e-010	2.75106e-010	2.96584e-010	3.50911e-010	3.75547e-010	3.88181e-010	4.38717e-010	4.31769e-010	4.26715e-010	4.50088e-010	4.51351e-010	3.95130e-010	3.86286e-010	3.85654e-010	4.86095e-010	5.20838e-010	4.77883e-010	4.61459e-010	5.24629e-010	4.96202e-010	4.89254e-010	5.36631e-010	4.94939e-010	4.31769e-010	8.34163e-010	6.19384e-010	4.69039e-010	3.39540e-010	2.58682e-010	2.63736e-010	4.03974e-010	1.65348e-009	1.83857e-009	2.23149e-009	2.72864e-009	2.92762e-009	2.62125e-009	2.31108e-009	2.69200e-009	3.43109e-009	2.07132e-008	2.07132e-008	2.07006e-008	2.07132e-008	2.06860e-008	2.06879e-008	2.07132e-008	2.06917e-008	2.06860e-008	1.12326e-008	5.66858e-009	2.92826e-009	1.69012e-009	1.11780e-009	8.48061e-010	5.59372e-010	4.48193e-010	4.27347e-010	3.76811e-010	3.67335e-010	3.96393e-010	3.89444e-010	3.79337e-010	3.55964e-010	3.70493e-010	3.98920e-010	3.97025e-010	3.64176e-010	3.54069e-010	3.55964e-010	3.67967e-010	3.55964e-010	3.63545e-010	3.66071e-010	3.88181e-010	4.17871e-010	6.56023e-010	9.33341e-010	1.05336e-009	1.09821e-009	1.02494e-009	8.77750e-010	6.11804e-010	5.47370e-010	50
4.73778e-012	1.54767e-011	4.73778e-012	2.05303e-011	-3.47435e-012	1.54767e-011	1.42133e-011	6.00119e-012	1.92669e-011	2.21097e-012	1.67401e-011	1.35816e-011	-7.89627e-012	-3.15837e-013	2.84268e-012	-6.00116e-012	1.54767e-011	1.54767e-011	1.42133e-011	1.54767e-011	1.16865e-011	2.17937e-011	-7.89627e-012	-1.42133e-011	6.63289e-012	6.63289e-012	6.63289e-012	1.80035e-011	4.10608e-012	1.80035e-011	2.84268e-012	-1.10548e-011	9.47568e-013	1.67401e-011	4.73778e-012	1.16865e-011	9.15970e-012	-4.10605e-012	1.35816e-011	1.23182e-011	1.98986e-011	-4.73775e-012	-1.35816e-011	5.36948e-012	-1.61084e-011	-9.79137e-012	2.11620e-011	4.10608e-012	9.15970e-012	-1.10548e-011	6.00119e-012	2.05303e-011	2.43206e-011	1.10548e-011	-5.36946e-012	3.44278e-011	3.12693e-011	1.54767e-011	1.67401e-011	2.43206e-011	2.55840e-011	5.21155e-011	5.71691e-011	9.31761e-011	1.08969e-010	8.74908e-011	1.05178e-010	7.99104e-011	8.55957e-011	1.00757e-010	1.29815e-010	1.28551e-010	1.27920e-010	1.36764e-010	1.33605e-010	1.45607e-010	1.78456e-010	1.98670e-010	2.11304e-010	1.99302e-010	2.07514e-010	2.14463e-010	2.27097e-010	2.32151e-010	2.68789e-010	2.42258e-010	2.44153e-010	2.41626e-010	2.46048e-010	2.73843e-010	2.94689e-010	2.78265e-010	2.78897e-010	2.98479e-010	3.14272e-010	3.46489e-010	3.60386e-010	3.25643e-010	3.25643e-010	3.40172e-010	3.40803e-010	3.50911e-010	3.52806e-010	3.67967e-010	3.85023e-010	3.98288e-010	5.51792e-010	5.29051e-010	4.88622e-010	4.77251e-010	5.68848e-010	5.33473e-010	4.75356e-010	3.86286e-010	3.34486e-010	2.98479e-010	2.61841e-010	3.07323e-010	3.13640e-010	3.45857e-010	3.80601e-010	3.73652e-010	3.50911e-010	3.18062e-010	2.78265e-010	3.19326e-010	3.54069e-010	3.32591e-010	3.32591e-010	3.23116e-010	3.31328e-010	3.37645e-010	3.16799e-010	3.28169e-010	3.07323e-010	2.87109e-010	2.58682e-010	2.29624e-010	2.09409e-010	2.00566e-010	1.93617e-010	2.01197e-010	2.01197e-010	1.95512e-010	1.92985e-010	1.96775e-010	5.46107e-010	1.36163e-009	1.55304e-009	2.09441e-009	2.81076e-009	3.87013e-009	4.89222e-009	5.03435e-009	4.53847e-009	4.32748e-009	5.05014e-009	5.89536e-009	2.07132e-008	2.06898e-008	2.07132e-008	2.07132e-008	2.06879e-008	2.07132e-008	2.06886e-008	1.56375e-008	8.76203e-009	4.75577e-009	2.62693e-009	1.50250e-009	8.49324e-010	5.65058e-010	4.64617e-010	4.21661e-010	3.37645e-010	3.74915e-010	3.80601e-010	3.35118e-010	3.19326e-010	2.94057e-010	3.27538e-010	3.46489e-010	3.71125e-010	3.70493e-010	3.69230e-010	4.13449e-010	4.87990e-010	5.54319e-010	6.76869e-010	9.26392e-010	8.96070e-010	8.68275e-010	7.47620e-010	5.72638e-010	7.14771e-010	1.35090e-009	1.75582e-009	1.65980e-009	1.90111e-009	1.77793e-009	1.47345e-009	30
4.10608e-012	1.57927e-012	1.57927e-012	4.20082e-011	2.21097e-012	2.68474e-011	1.48450e-011	2.81108e-011	9.47568e-013	2.68474e-011	2.24254e-011	3.15865e-013	2.43206e-011	6.00119e-012	3.37961e-011	-4.73775e-012	-6.63286e-012	8.52800e-012	2.62157e-011	1.98986e-011	2.24254e-011	1.04231e-011	1.80035e-011	2.43206e-011	2.05303e-011	1.92669e-011	1.67401e-011	2.68474e-011	1.48450e-011	1.48450e-011	1.67401e-011	-9.47538e-013	2.24254e-011	-2.84265e-012	-2.84265e-012	3.19010e-011	-4.10605e-012	1.92669e-011	3.25327e-011	4.73778e-012	1.73718e-011	3.15865e-013	1.92669e-011	1.35816e-011	-9.47538e-013	-9.47538e-013	3.56912e-011	7.26459e-012	1.67401e-011	2.93742e-011	1.80035e-011	2.74791e-011	3.94814e-011	4.20082e-011	4.39033e-011	3.94814e-011	3.75863e-011	4.76935e-011	6.72763e-011	7.42250e-011	6.22227e-011	6.66446e-011	9.00176e-011	1.08969e-010	1.07705e-010	1.50661e-010	1.49398e-010	1.46871e-010	1.45607e-010	1.41817e-010	1.61400e-010	1.65190e-010	1.65190e-010	1.79088e-010	1.98670e-010	2.01829e-010	2.06251e-010	2.10673e-010	2.07514e-010	2.25834e-010	2.42890e-010	2.49207e-010	2.52997e-010	2.62472e-010	2.63736e-010	2.72580e-010	2.68158e-010	2.67526e-010	2.78897e-010	3.09218e-010	3.35750e-010	3.50279e-010	3.59755e-010	3.61018e-010	3.82496e-010	4.46298e-010	4.34927e-010	4.33032e-010	4.46298e-010	4.45034e-010	4.53246e-010	4.73461e-010	5.24629e-010	5.44212e-010	5.82746e-010	5.72638e-010	5.68216e-010	5.73270e-010	5.64426e-010	6.03592e-010	6.32650e-010	6.13699e-010	6.28228e-010	5.66953e-010	5.65058e-010	5.30946e-010	5.65058e-010	5.99801e-010	6.11172e-010	5.77692e-010	5.97906e-010	5.86536e-010	5.85272e-010	5.97906e-010	5.85272e-010	5.62531e-010	5.40421e-010	5.02519e-010	4.89254e-010	4.41876e-010	3.80601e-010	3.64808e-010	3.65440e-010	3.44594e-010	3.37013e-010	3.28169e-010	3.52806e-010	3.73652e-010	3.60386e-010	3.27538e-010	3.13640e-010	2.86477e-010	2.93426e-010	2.96584e-010	3.15535e-010	2.78897e-010	2.70053e-010	2.83950e-010	3.74915e-010	6.98979e-010	1.35784e-009	2.03882e-009	2.81013e-009	3.22010e-009	3.26116e-009	2.82023e-009	3.00406e-009	3.10387e-009	2.67747e-009	2.86130e-009	6.20932e-009	2.07132e-008	2.07132e-008	2.06930e-008	2.06785e-008	1.92571e-008	1.16830e-008	6.93514e-009	3.76337e-009	2.15126e-009	1.22835e-009	7.15403e-010	4.61459e-010	3.37013e-010	2.92162e-010	3.06692e-010	3.04796e-010	3.09850e-010	3.18694e-010	3.80601e-010	4.10291e-010	4.12817e-010	4.00815e-010	4.09659e-010	4.11554e-010	4.64617e-010	5.87799e-010	7.44461e-010	8.22161e-010	1.01420e-009	1.07295e-009	8.44270e-010	6.98979e-010	5.83377e-010	5.13258e-010	4.53878e-010	5.61267e-010	7.75415e-010	8.85331e-010	8.37953e-010	7.48252e-010	10
2.43206e-011	1.67401e-011	1.92669e-011	2.84268e-012	4.07448e-011	9.15970e-012	9.47568e-013	-1.04231e-011	-9.47538e-013	-9.15967e-012	-3.47435e-012	6.63289e-012	1.42133e-011	7.26459e-012	2.05303e-011	2.87425e-011	1.67401e-011	5.36948e-012	1.23182e-011	1.04231e-011	3.47438e-012	1.98986e-011	1.42133e-011	-1.98986e-011	1.10548e-011	1.23182e-011	-3.47435e-012	1.42133e-011	-4.73775e-012	1.16865e-011	-1.16865e-011	9.15970e-012	4.10608e-012	2.62157e-011	2.84268e-012	-4.10605e-012	1.54767e-011	-3.15837e-013	-3.15837e-013	1.10548e-011	8.52800e-012	9.15970e-012	1.35816e-011	1.57927e-012	2.21097e-012	1.92669e-011	1.54767e-011	1.16865e-011	-2.84265e-012	7.26459e-012	1.23182e-011	4.73778e-012	2.55840e-011	3.56912e-011	3.12693e-011	2.11620e-011	3.44278e-011	4.57984e-011	5.08521e-011	6.72763e-011	6.98031e-011	9.82298e-011	9.75980e-011	1.23498e-010	1.28551e-010	1.42449e-010	1.60768e-010	1.48134e-010	1.78456e-010	1.92985e-010	2.10673e-010	2.33414e-010	2.43521e-010	2.30887e-010	2.34046e-010	2.37204e-010	2.73211e-010	3.07323e-010	3.27538e-010	3.14272e-010	3.12377e-010	3.13009e-010	3.12377e-010	2.74475e-010	2.69421e-010	2.88372e-010	3.01006e-010	3.26906e-010	3.47120e-010	3.76179e-010	3.61650e-010	4.01447e-010	4.10922e-010	4.43771e-010	4.66512e-010	4.79778e-010	4.82305e-010	4.58300e-010	5.11995e-010	5.94748e-010	6.18121e-010	6.03592e-010	6.06118e-010	5.61267e-010	5.53055e-010	5.53687e-010	5.63163e-010	5.38526e-010	5.94748e-010	6.25701e-010	8.86594e-010	7.62781e-010	6.08645e-010	5.58109e-010	5.44212e-010	5.18312e-010	5.06309e-010	4.98097e-010	4.84200e-010	4.67144e-010	4.58932e-010	4.47561e-010	4.31769e-010	4.37454e-010	4.61459e-010	4.33032e-010	4.81673e-010	4.97466e-010	4.77251e-010	4.37454e-010	3.95130e-010	3.92603e-010	3.76811e-010	3.48384e-010	3.45857e-010	3.89444e-010	3.23747e-010	2.66894e-010	2.15726e-010	2.73843e-010	3.66071e-010	4.58300e-010	4.95570e-010	4.69671e-010	3.62913e-010	3.12377e-010	2.85214e-010	2.46680e-010	2.45416e-010	2.75738e-010	5.65058e-010	1.03631e-009	1.79561e-009	6.41462e-009	5.09500e-009	4.89538e-009	5.93958e-009	7.69319e-009	2.07132e-008	2.06898e-008	2.07126e-008	2.07075e-008	2.07132e-008	2.06930e-008	2.07132e-008	2.06905e-008	2.04725e-008	1.01612e-008	5.50055e-009	2.82718e-009	1.41407e-009	7.97524e-010	5.24629e-010	3.83127e-010	2.99743e-010	2.59314e-010	2.48575e-010	2.82055e-010	3.67335e-010	3.41435e-010	3.29433e-010	3.19957e-010	3.55332e-010	4.58300e-010	4.87358e-010	5.39790e-010	5.22102e-010	5.06309e-010	6.50338e-010	7.70361e-010	7.50147e-010	6.40230e-010	5.42948e-010	5.27156e-010	5.37895e-010	6.14962e-010	7.89312e-010	8.80909e-010	9.27023e-010	9.35236e-010	7.40671e-010	-10
2.05303e-011	-6.63286e-012	2.11620e-011	2.55840e-011	-4.10605e-012	1.23182e-011	4.10608e-012	2.05303e-011	1.54767e-011	-5.36946e-012	-1.04231e-011	3.06376e-011	1.67401e-011	-1.61084e-011	-4.73775e-012	1.92669e-011	2.74791e-011	2.17937e-011	7.26459e-012	1.42133e-011	-1.98986e-011	7.26459e-012	1.67401e-011	-1.16865e-011	-3.47435e-012	1.23182e-011	-9.79137e-012	9.79140e-012	9.79140e-012	1.42133e-011	-9.47538e-013	4.73778e-012	7.26459e-012	1.61084e-011	6.63289e-012	1.42133e-011	-8.52797e-012	1.92669e-011	7.26459e-012	6.00119e-012	4.10608e-012	5.36948e-012	2.11620e-011	-3.15837e-013	6.63289e-012	-9.79137e-012	1.23182e-011	-6.63286e-012	1.92669e-011	-1.16865e-011	1.23182e-011	6.00119e-012	2.43206e-011	3.75863e-011	2.43206e-011	3.50595e-011	4.39033e-011	3.94814e-011	5.33789e-011	6.60129e-011	9.25444e-011	1.04547e-010	9.57029e-011	1.15286e-010	1.32973e-010	1.63927e-010	1.63927e-010	1.75297e-010	1.82246e-010	1.87300e-010	2.01197e-010	1.99302e-010	2.24570e-010	2.61841e-010	2.79528e-010	2.74475e-010	3.25011e-010	3.45857e-010	3.37645e-010	3.07955e-010	3.04796e-010	3.13009e-010	3.25643e-010	4.78514e-010	4.68407e-010	4.28610e-010	4.03342e-010	3.86286e-010	3.90708e-010	3.49015e-010	3.43962e-010	3.79969e-010	4.09659e-010	4.29242e-010	4.51983e-010	4.92412e-010	4.67144e-010	4.89254e-010	4.89254e-010	4.84832e-010	5.35368e-010	5.47370e-010	5.44843e-010	5.09468e-010	5.10100e-010	5.48002e-010	5.61267e-010	5.87167e-010	5.77060e-010	6.51601e-010	7.11613e-010	6.49074e-010	5.69480e-010	5.06309e-010	4.91780e-010	4.71566e-010	4.71566e-010	4.98097e-010	5.47370e-010	5.46107e-010	5.24629e-010	4.89254e-010	5.37263e-010	5.25892e-010	5.54319e-010	6.00433e-010	5.79587e-010	5.35999e-010	4.74093e-010	4.51351e-010	4.12186e-010	4.07132e-010	3.80601e-010	3.61018e-010	3.44594e-010	3.02270e-010	2.92162e-010	2.52997e-010	2.34046e-010	1.74666e-010	1.45607e-010	3.16167e-010	2.44785e-010	1.98039e-010	2.25202e-010	2.04356e-010	1.72139e-010	2.49207e-010	6.39630e-009	4.12028e-009	2.99901e-009	2.94342e-009	2.28518e-009	2.53344e-009	3.63008e-009	4.93138e-009	5.98696e-009	6.90230e-009	8.37606e-009	1.41858e-008	2.06879e-008	2.07132e-008	2.07132e-008	2.07132e-008	2.04643e-008	1.36154e-008	7.76583e-009	3.97057e-009	2.49301e-009	1.38185e-009	8.31005e-010	4.98729e-010	4.47561e-010	6.92030e-010	8.36058e-010	9.60504e-010	1.33447e-009	9.81350e-010	6.96452e-010	5.05678e-010	3.78706e-010	2.85214e-010	2.67526e-010	3.25011e-010	3.58491e-010	3.96393e-010	6.14962e-010	6.23806e-010	6.02960e-010	7.96893e-010	8.10790e-010	9.39026e-010	8.52482e-010	7.57727e-010	7.81732e-010	6.93294e-010	6.56023e-010	7.29932e-010	6.75606e-010	5.76428e-010	4.89254e-010	-30
1.32973e-010	4.51667e-011	7.89629e-012	1.92669e-011	5.36948e-012	1.67401e-011	2.21097e-012	2.84268e-012	1.10548e-011	-1.80035e-011	-4.73775e-012	4.10608e-012	7.26459e-012	2.84268e-012	3.47438e-012	8.52800e-012	-6.00116e-012	7.89629e-012	5.36948e-012	4.10608e-012	4.10608e-012	-3.15837e-013	-1.29499e-011	-1.42133e-011	-9.47538e-013	7.26459e-012	4.73778e-012	7.89629e-012	7.26459e-012	1.16865e-011	-9.47538e-013	-9.47538e-013	2.84268e-012	1.16865e-011	1.98986e-011	2.24254e-011	-1.54767e-011	-1.42133e-011	-7.89627e-012	2.55840e-011	4.73778e-012	2.74791e-011	1.73718e-011	2.24254e-011	1.86352e-011	3.19010e-011	4.39033e-011	5.02204e-011	6.41178e-011	8.05421e-011	9.00176e-011	1.03283e-010	1.20339e-010	1.45607e-010	1.34868e-010	1.41186e-010	1.34868e-010	1.52556e-010	1.48134e-010	1.52556e-010	1.68980e-010	1.74666e-010	1.62032e-010	1.89195e-010	1.84773e-010	1.86036e-010	1.82878e-010	1.86036e-010	1.66454e-010	2.13200e-010	2.06883e-010	2.08146e-010	1.89195e-010	2.13831e-010	2.81423e-010	2.52365e-010	2.89636e-010	2.64367e-010	2.53629e-010	2.63104e-010	2.83950e-010	4.21661e-010	4.06500e-010	4.07764e-010	3.58491e-010	3.52806e-010	3.18694e-010	3.30696e-010	3.12377e-010	3.28801e-010	3.07955e-010	3.24379e-010	3.50911e-010	3.67335e-010	3.89444e-010	6.88871e-010	8.29741e-010	7.14771e-010	5.35999e-010	4.41244e-010	4.42508e-010	4.52615e-010	4.34295e-010	4.86727e-010	4.70934e-010	4.79778e-010	5.11995e-010	5.49897e-010	5.46107e-010	5.71375e-010	5.92853e-010	5.39158e-010	4.81041e-010	4.71566e-010	4.74724e-010	5.01887e-010	5.58109e-010	5.53055e-010	4.81673e-010	4.25451e-010	3.91971e-010	4.09027e-010	4.15344e-010	3.80601e-010	3.76179e-010	3.46489e-010	3.29433e-010	3.00375e-010	2.72580e-010	3.09850e-010	2.85214e-010	2.56155e-010	2.18885e-010	1.86036e-010	1.58241e-010	1.84773e-010	1.79088e-010	1.56346e-010	1.41186e-010	1.38659e-010	1.23498e-010	9.63346e-011	8.62274e-011	7.04348e-011	5.08521e-011	4.70618e-011	4.32716e-011	5.14838e-011	1.04894e-009	1.69454e-009	1.15633e-009	1.10516e-009	8.00683e-010	8.32900e-010	1.55557e-009	2.30856e-009	2.07132e-008	2.07069e-008	2.06924e-008	2.06917e-008	2.07132e-008	2.06879e-008	2.06841e-008	2.07132e-008	2.04984e-008	1.22718e-008	6.96673e-009	3.81580e-009	2.09883e-009	1.11590e-009	6.62972e-010	4.25451e-010	3.86918e-010	3.66071e-010	3.13009e-010	2.72580e-010	2.49207e-010	2.49207e-010	2.31519e-010	2.42258e-010	2.48575e-010	2.39099e-010	2.43521e-010	2.91531e-010	3.92603e-010	4.63985e-010	4.77251e-010	4.92412e-010	4.35559e-010	4.09659e-010	4.82936e-010	7.04664e-010	1.05526e-009	1.06347e-009	1.03125e-009	9.31445e-010	7.91207e-010	6.53496e-010	5.96011e-010	4.94307e-010	4.67144e-010	-50


Point Cloud:
X	Y	Z
0	50	1.73718e-011
5	50	2.05303e-011
10	50	4.73778e-012
15	50	2.05303e-011
20	50	2.36889e-011
25	50	4.73778e-012
30	50	-3.15837e-013
35	50	4.73778e-012
40	50	1.10548e-011
45	50	2.87425e-011
50	50	2.93742e-011
55	50	2.36889e-011
60	50	6.63289e-012
65	50	8.52800e-012
70	50	2.81108e-011
75	50	-3.15837e-013
80	50	-2.84265e-012
85	50	-3.47435e-012
90	50	4.10608e-012
95	50	-4.10605e-012
100	50	-9.47538e-013
105	50	2.43206e-011
110	50	7.89629e-012
115	50	4.10608e-012
120	50	6.00119e-012
125	50	1.42133e-011
130	50	3.56912e-011
135	50	1.61084e-011
140	50	1.98986e-011
145	50	-6.00116e-012
150	50	-3.15837e-013
155	50	-3.47435e-012
160	50	-8.52797e-012
165	50	1.54767e-011
170	50	4.73778e-012
175	50	8.52800e-012
180	50	1.16865e-011
185	50	4.73778e-012
190	50	-4.10605e-012
195	50	2.68474e-011
200	50	1.54767e-011
205	50	1.67401e-011
210	50	-3.15837e-013
215	50	1.42133e-011
220	50	1.73718e-011
225	50	-9.47538e-013
230	50	-7.26456e-012
235	50	3.15865e-013
240	50	1.73718e-011
245	50	6.00119e-012
250	50	1.57927e-012
255	50	3.56912e-011
260	50	-3.15837e-013
265	50	6.63289e-012
270	50	2.68474e-011
275	50	2.55840e-011
280	50	9.15970e-012
285	50	2.55840e-011
290	50	3.50595e-011
295	50	3.47438e-012
300	50	4.07448e-011
305	50	1.23182e-011
310	50	3.44278e-011
315	50	8.52800e-012
320	50	1.42133e-011
325	50	1.23182e-011
330	50	3.37961e-011
335	50	6.47495e-011
340	50	8.62274e-011
345	50	7.80153e-011
350	50	5.46423e-011
355	50	5.65374e-011
360	50	6.60129e-011
365	50	6.22227e-011
370	50	5.59057e-011
375	50	7.29616e-011
380	50	8.37006e-011
385	50	1.00125e-010
390	50	1.14022e-010
395	50	1.19076e-010
400	50	1.36764e-010
405	50	1.65190e-010
410	50	1.73402e-010
415	50	1.96775e-010
420	50	1.98670e-010
425	50	2.06251e-010
430	50	2.14463e-010
435	50	2.39099e-010
440	50	2.15726e-010
445	50	2.41626e-010
450	50	2.62472e-010
455	50	2.34046e-010
460	50	2.61841e-010
465	50	2.82055e-010
470	50	2.71316e-010
475	50	3.10482e-010
480	50	3.22484e-010
485	50	3.45225e-010
490	50	3.56596e-010
495	50	3.55964e-010
500	50	3.40803e-010
505	50	3.19957e-010
510	50	3.09218e-010
515	50	3.19957e-010
520	50	2.80792e-010
525	50	2.79528e-010
530	50	2.91531e-010
535	50	3.04796e-010
540	50	3.33855e-010
545	50	3.35750e-010
550	50	3.35750e-010
555	50	3.67967e-010
560	50	3.37645e-010
565	50	2.99743e-010
570	50	2.69421e-010
575	50	2.49207e-010
580	50	2.41626e-010
585	50	2.74475e-010
590	50	2.75106e-010
595	50	2.96584e-010
600	50	3.50911e-010
605	50	3.75547e-010
610	50	3.88181e-010
615	50	4.38717e-010
620	50	4.31769e-010
625	50	4.26715e-010
630	50	4.50088e-010
635	50	4.51351e-010
640	50	3.95130e-010
645	50	3.86286e-010
650	50	3.85654e-010
655	50	4.86095e-010
660	50	5.20838e-010
665	50	4.77883e-010
670	50	4.61459e-010
675	50	5.24629e-010
680	50	4.96202e-010
685	50	4.89254e-010
690	50	5.36631e-010
695	50	4.94939e-010
700	50	4.31769e-010
705	50	8.34163e-010
710	50	6.19384e-010
715	50	4.69039e-010
720	50	3.39540e-010
725	50	2.58682e-010
730	50	2.63736e-010
735	50	4.03974e-010
740	50	1.65348e-009
745	50	1.83857e-009
750	50	2.23149e-009
755	50	2.72864e-009
760	50	2.92762e-009
765	50	2.62125e-009
770	50	2.31108e-009
775	50	2.69200e-009
780	50	3.43109e-009
785	50	2.07132e-008
790	50	2.07132e-008
795	50	2.07006e-008
800	50	2.07132e-008
805	50	2.06860e-008
810	50	2.06879e-008
815	50	2.07132e-008
820	50	2.06917e-008
825	50	2.06860e-008
830	50	1.12326e-008
835	50	5.66858e-009
840	50	2.92826e-009
845	50	1.69012e-009
850	50	1.11780e-009
855	50	8.48061e-010
860	50	5.59372e-010
865	50	4.48193e-010
870	50	4.27347e-010
875	50	3.76811e-010
880	50	3.67335e-010
885	50	3.96393e-010
890	50	3.89444e-010
895	50	3.79337e-010
900	50	3.55964e-010
905	50	3.70493e-010
910	50	3.98920e-010
915	50	3.97025e-010
920	50	3.64176e-010
925	50	3.54069e-010
930	50	3.55964e-010
935	50	3.67967e-010
940	50	3.55964e-010
945	50	3.63545e-010
950	50	3.66071e-010
955	50	3.88181e-010
960	50	4.17871e-010
965	50	6.56023e-010
970	50	9.33341e-010
975	50	1.05336e-009
980	50	1.09821e-009
985	50	1.02494e-009
990	50	8.77750e-010
995	50	6.11804e-010
1000	50	5.47370e-010
0	30	4.73778e-012
5	30	1.54767e-011
10	30	4.73778e-012
15	30	2.05303e-011
20	30	-3.47435e-012
25	30	1.54767e-011
30	30	1.42133e-011
35	30	6.00119e-012
40	30	1.92669e-011
45	30	2.21097e-012
50	30	1.67401e-011
55	30	1.35816e-011
60	30	-7.89627e-012
65	30	-3.15837e-013
70	30	2.84268e-012
75	30	-6.00116e-012
80	30	1.54767e-011
85	30	1.54767e-011
90	30	1.42133e-011
95	30	1.54767e-011
100	30	1.16865e-011
105	30	2.17937e-011
110	30	-7.89627e-012
115	30	-1.42133e-011
120	30	6.63289e-012
125	30	6.63289e-012
130	30	6.63289e-012
135	30	1.80035e-011
140	30	4.10608e-012
145	30	1.80035e-011
150	30	2.84268e-012
155	30	-1.10548e-011
160	30	9.47568e-013
165	30	1.67401e-011
170	30	4.73778e-012
175	30	1.16865e-011
180	30	9.15970e-012
185	30	-4.10605e-012
190	30	1.35816e-011
195	30	1.23182e-011
200	30	1.98986e-011
205	30	-4.73775e-012
210	30	-1.35816e-011
215	30	5.36948e-012
220	30	-1.61084e-011
225	30	-9.79137e-012
230	30	2.11620e-011
235	30	4.10608e-012
240	30	9.15970e-012
245	30	-1.10548e-011
250	30	6.00119e-012
255	30	2.05303e-011
260	30	2.43206e-011
265	30	1.10548e-011
270	30	-5.36946e-012
275	30	3.44278e-011
280	30	3.12693e-011
285	30	1.54767e-011
290	30	1.67401e-011
295	30	2.43206e-011
300	30	2.55840e-011
305	30	5.21155e-011
310	30	5.71691e-011
315	30	9.31761e-011
320	30	1.08969e-010
325	30	8.74908e-011
330	30	1.05178e-010
335	30	7.99104e-011
340	30	8.55957e-011
345	30	1.00757e-010
350	30	1.29815e-010
355	30	1.28551e-010
360	30	1.27920e-010
365	30	1.36764e-010
370	30	1.33605e-010
375	30	1.45607e-010
380	30	1.78456e-010
385	30	1.98670e-010
390	30	2.11304e-010
395	30	1.99302e-010
400	30	2.07514e-010
405	30	2.14463e-010
410	30	2.27097e-010
415	30	2.32151e-010
420	30	2.68789e-010
425	30	2.42258e-010
430	30	2.44153e-010
435	30	2.41626e-010
440	30	2.46048e-010
445	30	2.73843e-010
450	30	2.94689e-010
455	30	2.78265e-010
460	30	2.78897e-010
465	30	2.98479e-010
470	30	3.14272e-010
475	30	3.46489e-010
480	30	3.60386e-010
485	30	3.25643e-010
490	30	3.25643e-010
495	30	3.40172e-010
500	30	3.40803e-010
505	30	3.50911e-010
510	30	3.52806e-010
515	30	3.67967e-010
520	30	3.85023e-010
525	30	3.98288e-010
530	30	5.51792e-010
535	30	5.29051e-010
540	30	4.88622e-010
545	30	4.77251e-010
550	30	5.68848e-010
555	30	5.33473e-010
560	30	4.75356e-010
565	30	3.86286e-010
570	30	3.34486e-010
575	30	2.98479e-010
580	30	2.61841e-010
585	30	3.07323e-010
590	30	3.13640e-010
595	30	3.45857e-010
600	30	3.80601e-010
605	30	3.73652e-010
610	30	3.50911e-010
615	30	3.18062e-010
620	30	2.78265e-010
625	30	3.19326e-010
630	30	3.54069e-010
635	30	3.32591e-010
640	30	3.32591e-010
645	30	3.23116e-010
650	30	3.31328e-010
655	30	3.37645e-010
660	30	3.16799e-010
665	30	3.28169e-010
670	30	3.07323e-010
675	30	2.87109e-010
680	30	2.58682e-010
685	30	2.29624e-010
690	30	2.09409e-010
695	30	2.00566e-010
700	30	1.93617e-010
705	30	2.01197e-010
710	30	2.01197e-010
715	30	1.95512e-010
720	30	1.92985e-010
725	30	1.96775e-010
730	30	5.46107e-010
735	30	1.36163e-009
740	30	1.55304e-009
745	30	2.09441e-009
750	30	2.81076e-009
755	30	3.87013e-009
760	30	4.89222e-009
765	30	5.03435e-009
770	30	4.53847e-009
775	30	4.32748e-009
780	30	5.05014e-009
785	30	5.89536e-009
790	30	2.07132e-008
795	30	2.06898e-008
800	30	2.07132e-008
805	30	2.07132e-008
810	30	2.06879e-008
815	30	2.07132e-008
820	30	2.06886e-008
825	30	1.56375e-008
830	30	8.76203e-009
835	30	4.75577e-009
840	30	2.62693e-009
845	30	1.50250e-009
850	30	8.49324e-010
855	30	5.65058e-010
860	30	4.64617e-010
865	30	4.21661e-010
870	30	3.37645e-010
875	30	3.74915e-010
880	30	3.80601e-010
885	30	3.35118e-010
890	30	3.19326e-010
895	30	2.94057e-010
900	30	3.27538e-010
905	30	3.46489e-010
910	30	3.71125e-010
915	30	3.70493e-010
920	30	3.69230e-010
925	30	4.13449e-010
930	30	4.87990e-010
935	30	5.54319e-010
940	30	6.76869e-010
945	30	9.26392e-010
950	30	8.96070e-010
955	30	8.68275e-010
960	30	7.47620e-010
965	30	5.72638e-010
970	30	7.14771e-010
975	30	1.35090e-009
980	30	1.75582e-009
985	30	1.65980e-009
990	30	1.90111e-009
995	30	1.77793e-009
1000	30	1.47345e-009
0	10	4.10608e-012
5	10	1.57927e-012
10	10	1.57927e-012
15	10	4.20082e-011
20	10	2.21097e-012
25	10	2.68474e-011
30	10	1.48450e-011
35	10	2.81108e-011
40	10	9.47568e-013
45	10	2.68474e-011
50	10	2.24254e-011
55	10	3.15865e-013
60	10	2.43206e-011
65	10	6.00119e-012
70	10	3.37961e-011
75	10	-4.73775e-012
80	10	-6.63286e-012
85	10	8.52800e-012
90	10	2.62157e-011
95	10	1.98986e-011
100	10	2.24254e-011
105	10	1.04231e-011
110	10	1.80035e-011
115	10	2.43206e-011
120	10	2.05303e-011
125	10	1.92669e-011
130	10	1.67401e-011
135	10	2.68474e-011
140	10	1.48450e-011
145	10	1.48450e-011
150	10	1.67401e-011
155	10	-9.47538e-013
160	10	2.24254e-011
165	10	-2.84265e-012
170	10	-2.84265e-012
175	10	3.19010e-011
180	10	-4.10605e-012
185	10	1.92669e-011
190	10	3.25327e-011
195	10	4.73778e-012
200	10	1.73718e-011
205	10	3.15865e-013
210	10	1.92669e-011
215	10	1.35816e-011
220	10	-9.47538e-013
225	10	-9.47538e-013
230	10	3.56912e-011
235	10	7.26459e-012
240	10	1.67401e-011
245	10	2.93742e-011
250	10	1.80035e-011
255	10	2.74791e-011
260	10	3.94814e-011
265	10	4.20082e-011
270	10	4.39033e-011
275	10	3.94814e-011
280	10	3.75863e-011
285	10	4.76935e-011
290	10	6.72763e-011
295	10	7.42250e-011
300	10	6.22227e-011
305	10	6.66446e-011
310	10	9.00176e-011
315	10	1.08969e-010
320	10	1.07705e-010
325	10	1.50661e-010
330	10	1.49398e-010
335	10	1.46871e-010
340	10	1.45607e-010
345	10	1.41817e-010
350	10	1.61400e-010
355	10	1.65190e-010
360	10	1.65190e-010
365	10	1.79088e-010
370	10	1.98670e-010
375	10	2.01829e-010
380	10	2.06251e-010
385	10	2.10673e-010
390	10	2.07514e-010
395	10	2.25834e-010
400	10	2.42890e-010
405	10	2.49207e-010
410	10	2.52997e-010
415	10	2.62472e-010
420	10	2.63736e-010
425	10	2.72580e-010
430	10	2.68158e-010
435	10	2.67526e-010
440	10	2.78897e-010
445	10	3.09218e-010
450	10	3.35750e-010
455	10	3.50279e-010
460	10	3.59755e-010
465	10	3.61018e-010
470	10	3.82496e-010
475	10	4.46298e-010
480	10	4.34927e-010
485	10	4.33032e-010
490	10	4.46298e-010
495	10	4.45034e-010
500	10	4.53246e-010
505	10	4.73461e-010
510	10	5.24629e-010
515	10	5.44212e-010
520	10	5.82746e-010
525	10	5.72638e-010
530	10	5.68216e-010
535	10	5.73270e-010
540	10	5.64426e-010
545	10	6.03592e-010
550	10	6.32650e-010
555	10	6.13699e-010
560	10	6.28228e-010
565	10	5.66953e-010
570	10	5.65058e-010
575	10	5.30946e-010
580	10	5.65058e-010
585	10	5.99801e-010
590	10	6.11172e-010
595	10	5.77692e-010
600	10	5.97906e-010
605	10	5.86536e-010
610	10	5.85272e-010
615	10	5.97906e-010
620	10	5.85272e-010
625	10	5.62531e-010
630	10	5.40421e-010
635	10	5.02519e-010
640	10	4.89254e-010
645	10	4.41876e-010
650	10	3.80601e-010
655	10	3.64808e-010
660	10	3.65440e-010
665	10	3.44594e-010
670	10	3.37013e-010
675	10	3.28169e-010
680	10	3.52806e-010
685	10	3.73652e-010
690	10	3.60386e-010
695	10	3.27538e-010
700	10	3.13640e-010
705	10	2.86477e-010
710	10	2.93426e-010
715	10	2.96584e-010
720	10	3.15535e-010
725	10	2.78897e-010
730	10	2.70053e-010
735	10	2.83950e-010
740	10	3.74915e-010
745	10	6.98979e-010
750	10	1.35784e-009
755	10	2.03882e-009
760	10	2.81013e-009
765	10	3.22010e-009
770	10	3.26116e-009
775	10	2.82023e-009
780	10	3.00406e-009
785	10	3.10387e-009
790	10	2.67747e-009
795	10	2.86130e-009
800	10	6.20932e-009
805	10	2.07132e-008
810	10	2.07132e-008
815	10	2.06930e-008
820	10	2.06785e-008
825	10	1.92571e-008
830	10	1.16830e-008
835	10	6.93514e-009
840	10	3.76337e-009
845	10	2.15126e-009
850	10	1.22835e-009
855	10	7.15403e-010
860	10	4.61459e-010
865	10	3.37013e-010
870	10	2.92162e-010
875	10	3.06692e-010
880	10	3.04796e-010
885	10	3.09850e-010
890	10	3.18694e-010
895	10	3.80601e-010
900	10	4.10291e-010
905	10	4.12817e-010
910	10	4.00815e-010
915	10	4.09659e-010
920	10	4.11554e-010
925	10	4.64617e-010
930	10	5.87799e-010
935	10	7.44461e-010
940	10	8.22161e-010
945	10	1.01420e-009
950	10	1.07295e-009
955	10	8.44270e-010
960	10	6.98979e-010
965	10	5.83377e-010
970	10	5.13258e-010
975	10	4.53878e-010
980	10	5.61267e-010
985	10	7.75415e-010
990	10	8.85331e-010
995	10	8.37953e-010
1000	10	7.48252e-010
0	-10	2.43206e-011
5	-10	1.67401e-011
10	-10	1.92669e-011
15	-10	2.84268e-012
20	-10	4.07448e-011
25	-10	9.15970e-012
30	-10	9.47568e-013
35	-10	-1.04231e-011
40	-10	-9.47538e-013
45	-10	-9.15967e-012
50	-10	-3.47435e-012
55	-10	6.63289e-012
60	-10	1.42133e-011
65	-10	7.26459e-012
70	-10	2.05303e-011
75	-10	2.87425e-011
80	-10	1.67401e-011
85	-10	5.36948e-012
90	-10	1.23182e-011
95	-10	1.04231e-011
100	-10	3.47438e-012
105	-10	1.98986e-011
110	-10	1.42133e-011
115	-10	-1.98986e-011
120	-10	1.10548e-011
125	-10	1.23182e-011
130	-10	-3.47435e-012
135	-10	1.42133e-011
140	-10	-4.73775e-012
145	-10	1.16865e-011
150	-10	-1.16865e-011
155	-10	9.15970e-012
160	-10	4.10608e-012
165	-10	2.62157e-011
170	-10	2.84268e-012
175	-10	-4.10605e-012
180	-10	1.54767e-011
185	-10	-3.15837e-013
190	-10	-3.15837e-013
195	-10	1.10548e-011
200	-10	8.52800e-012
205	-10	9.15970e-012
210	-10	1.35816e-011
215	-10	1.57927e-012
220	-10	2.21097e-012
225	-10	1.92669e-011
230	-10	1.54767e-011
235	-10	1.16865e-011
240	-10	-2.84265e-012
245	-10	7.26459e-012
250	-10	1.23182e-011
255	-10	4.73778e-012
260	-10	2.55840e-011
265	-10	3.56912e-011
270	-10	3.12693e-011
275	-10	2.11620e-011
280	-10	3.44278e-011
285	-10	4.57984e-011
290	-10	5.08521e-011
295	-10	6.72763e-011
300	-10	6.98031e-011
305	-10	9.82298e-011
310	-10	9.75980e-011
315	-10	1.23498e-010
320	-10	1.28551e-010
325	-10	1.42449e-010
330	-10	1.60768e-010
335	-10	1.48134e-010
340	-10	1.78456e-010
345	-10	1.92985e-010
350	-10	2.10673e-010
355	-10	2.33414e-010
360	-10	2.43521e-010
365	-10	2.30887e-010
370	-10	2.34046e-010
375	-10	2.37204e-010
380	-10	2.73211e-010
385	-10	3.07323e-010
390	-10	3.27538e-010
395	-10	3.14272e-010
400	-10	3.12377e-010
405	-10	3.13009e-010
410	-10	3.12377e-010
415	-10	2.74475e-010
420	-10	2.69421e-010
425	-10	2.88372e-010
430	-10	3.01006e-010
435	-10	3.26906e-010
440	-10	3.47120e-010
445	-10	3.76179e-010
450	-10	3.61650e-010
455	-10	4.01447e-010
460	-10	4.10922e-010
465	-10	4.43771e-010
470	-10	4.66512e-010
475	-10	4.79778e-010
480	-10	4.82305e-010
485	-10	4.58300e-010
490	-10	5.11995e-010
495	-10	5.94748e-010
500	-10	6.18121e-010
505	-10	6.03592e-010
510	-10	6.06118e-010
515	-10	5.61267e-010
520	-10	5.53055e-010
525	-10	5.53687e-010
530	-10	5.63163e-010
535	-10	5.38526e-010
540	-10	5.94748e-010
545	-10	6.25701e-010
550	-10	8.86594e-010
555	-10	7.62781e-010
560	-10	6.08645e-010
565	-10	5.58109e-010
570	-10	5.44212e-010
575	-10	5.18312e-010
580	-10	5.06309e-010
585	-10	4.98097e-010
590	-10	4.84200e-010
595	-10	4.67144e-010
600	-10	4.58932e-010
605	-10	4.47561e-010
610	-10	4.31769e-010
615	-10	4.37454e-010
620	-10	4.61459e-010
625	-10	4.33032e-010
630	-10	4.81673e-010
635	-10	4.97466e-010
640	-10	4.77251e-010
645	-10	4.37454e-010
650	-10	3.95130e-010
655	-10	3.92603e-010
660	-10	3.76811e-010
665	-10	3.48384e-010
670	-10	3.45857e-010
675	-10	3.89444e-010
680	-10	3.23747e-010
685	-10	2.66894e-010
690	-10	2.15726e-010
695	-10	2.73843e-010
700	-10	3.66071e-010
705	-10	4.58300e-010
710	-10	4.95570e-010
715	-10	4.69671e-010
720	-10	3.62913e-010
725	-10	3.12377e-010
730	-10	2.85214e-010
735	-10	2.46680e-010
740	-10	2.45416e-010
745	-10	2.75738e-010
750	-10	5.65058e-010
755	-10	1.03631e-009
760	-10	1.79561e-009
765	-10	6.41462e-009
770	-10	5.09500e-009
775	-10	4.89538e-009
780	-10	5.93958e-009
785	-10	7.69319e-009
790	-10	2.07132e-008
795	-10	2.06898e-008
800	-10	2.07126e-008
805	-10	2.07075e-008
810	-10	2.07132e-008
815	-10	2.06930e-008
820	-10	2.07132e-008
825	-10	2.06905e-008
830	-10	2.04725e-008
835	-10	1.01612e-008
840	-10	5.50055e-009
845	-10	2.82718e-009
850	-10	1.41407e-009
855	-10	7.97524e-010
860	-10	5.24629e-010
865	-10	3.83127e-010
870	-10	2.99743e-010
875	-10	2.59314e-010
880	-10	2.48575e-010
885	-10	2.82055e-010
890	-10	3.67335e-010
895	-10	3.41435e-010
900	-10	3.29433e-010
905	-10	3.19957e-010
910	-10	3.55332e-010
915	-10	4.58300e-010
920	-10	4.87358e-010
925	-10	5.39790e-010
930	-10	5.22102e-010
935	-10	5.06309e-010
940	-10	6.50338e-010
945	-10	7.70361e-010
950	-10	7.50147e-010
955	-10	6.40230e-010
960	-10	5.42948e-010
965	-10	5.27156e-010
970	-10	5.37895e-010
975	-10	6.14962e-010
980	-10	7.89312e-010
985	-10	8.80909e-010
990	-10	9.27023e-010
995	-10	9.35236e-010
1000	-10	7.40671e-010
0	-30	2.05303e-011
5	-30	-6.63286e-012
10	-30	2.11620e-011
15	-30	2.55840e-011
20	-30	-4.10605e-012
25	-30	1.23182e-011
30	-30	4.10608e-012
35	-30	2.05303e-011
40	-30	1.54767e-011
45	-30	-5.36946e-012
50	-30	-1.04231e-011
55	-30	3.06376e-011
60	-30	1.67401e-011
65	-30	-1.61084e-011
70	-30	-4.73775e-012
75	-30	1.92669e-011
80	-30	2.74791e-011
85	-30	2.17937e-011
90	-30	7.26459e-012
95	-30	1.42133e-011
100	-30	-1.98986e-011
105	-30	7.26459e-012
110	-30	1.67401e-011
115	-30	-1.16865e-011
120	-30	-3.47435e-012
125	-30	1.23182e-011
130	-30	-9.79137e-012
135	-30	9.79140e-012
140	-30	9.79140e-012
145	-30	1.42133e-011
150	-30	-9.47538e-013
155	-30	4.73778e-012
160	-30	7.26459e-012
165	-30	1.61084e-011
170	-30	6.63289e-012
175	-30	1.42133e-011
180	-30	-8.52797e-012
185	-30	1.92669e-011
190	-30	7.26459e-012
195	-30	6.00119e-012
200	-30	4.10608e-012
205	-30	5.36948e-012
210	-30	2.11620e-011
215	-30	-3.15837e-013
220	-30	6.63289e-012
225	-30	-9.79137e-012
230	-30	1.23182e-011
235	-30	-6.63286e-012
240	-30	1.92669e-011
245	-30	-1.16865e-011
250	-30	1.23182e-011
255	-30	6.00119e-012
260	-30	2.43206e-011
265	-30	3.75863e-011
270	-30	2.43206e-011
275	-30	3.50595e-011
280	-30	4.39033e-011
285	-30	3.94814e-011
290	-30	5.33789e-011
295	-30	6.60129e-011
300	-30	9.25444e-011
305	-30	1.04547e-010
310	-30	9.57029e-011
315	-30	1.15286e-010
320	-30	1.32973e-010
325	-30	1.63927e-010
330	-30	1.63927e-010
335	-30	1.75297e-010
340	-30	1.82246e-010
345	-30	1.87300e-010
350	-30	2.01197e-010
355	-30	1.99302e-010
360	-30	2.24570e-010
365	-30	2.61841e-010
370	-30	2.79528e-010
375	-30	2.74475e-010
380	-30	3.25011e-010
385	-30	3.45857e-010
390	-30	3.37645e-010
395	-30	3.07955e-010
400	-30	3.04796e-010
405	-30	3.13009e-010
410	-30	3.25643e-010
415	-30	4.78514e-010
420	-30	4.68407e-010
425	-30	4.28610e-010
430	-30	4.03342e-010
435	-30	3.86286e-010
440	-30	3.90708e-010
445	-30	3.49015e-010
450	-30	3.43962e-010
455	-30	3.79969e-010
460	-30	4.09659e-010
465	-30	4.29242e-010
470	-30	4.51983e-010
475	-30	4.92412e-010
480	-30	4.67144e-010
485	-30	4.89254e-010
490	-30	4.89254e-010
495	-30	4.84832e-010
500	-30	5.35368e-010
505	-30	5.47370e-010
510	-30	5.44843e-010
515	-30	5.09468e-010
520	-30	5.10100e-010
525	-30	5.48002e-010
530	-30	5.61267e-010
535	-30	5.87167e-010
540	-30	5.77060e-010
545	-30	6.51601e-010
550	-30	7.11613e-010
555	-30	6.49074e-010
560	-30	5.69480e-010
565	-30	5.06309e-010
570	-30	4.91780e-010
575	-30	4.71566e-010
580	-30	4.71566e-010
585	-30	4.98097e-010
590	-30	5.47370e-010
595	-30	5.46107e-010
600	-30	5.24629e-010
605	-30	4.89254e-010
610	-30	5.37263e-010
615	-30	5.25892e-010
620	-30	5.54319e-010
625	-30	6.00433e-010
630	-30	5.79587e-010
635	-30	5.35999e-010
640	-30	4.74093e-010
645	-30	4.51351e-010
650	-30	4.12186e-010
655	-30	4.07132e-010
660	-30	3.80601e-010
665	-30	3.61018e-010
670	-30	3.44594e-010
675	-30	3.02270e-010
680	-30	2.92162e-010
685	-30	2.52997e-010
690	-30	2.34046e-010
695	-30	1.74666e-010
700	-30	1.45607e-010
705	-30	3.16167e-010
710	-30	2.44785e-010
715	-30	1.98039e-010
720	-30	2.25202e-010
725	-30	2.04356e-010
730	-30	1.72139e-010
735	-30	2.49207e-010
740	-30	6.39630e-009
745	-30	4.12028e-009
750	-30	2.99901e-009
755	-30	2.94342e-009
760	-30	2.28518e-009
765	-30	2.53344e-009
770	-30	3.63008e-009
775	-30	4.93138e-009
780	-30	5.98696e-009
785	-30	6.90230e-009
790	-30	8.37606e-009
795	-30	1.41858e-008
800	-30	2.06879e-008
805	-30	2.07132e-008
810	-30	2.07132e-008
815	-30	2.07132e-008
820	-30	2.04643e-008
825	-30	1.36154e-008
830	-30	7.76583e-009
835	-30	3.97057e-009
840	-30	2.49301e-009
845	-30	1.38185e-009
850	-30	8.31005e-010
855	-30	4.98729e-010
860	-30	4.47561e-010
865	-30	6.92030e-010
870	-30	8.36058e-010
875	-30	9.60504e-010
880	-30	1.33447e-009
885	-30	9.81350e-010
890	-30	6.96452e-010
895	-30	5.05678e-010
900	-30	3.78706e-010
905	-30	2.85214e-010
910	-30	2.67526e-010
915	-30	3.25011e-010
920	-30	3.58491e-010
925	-30	3.96393e-010
930	-30	6.14962e-010
935	-30	6.23806e-010
940	-30	6.02960e-010
945	-30	7.96893e-010
950	-30	8.10790e-010
955	-30	9.39026e-010
960	-30	8.52482e-010
965	-30	7.57727e-010
970	-30	7.81732e-010
975	-30	6.93294e-010
980	-30	6.56023e-010
985	-30	7.29932e-010
990	-30	6.75606e-010
995	-30	5.76428e-010
1000	-30	4.89254e-010
0	-50	1.32973e-010
5	-50	4.51667e-011
10	-50	7.89629e-012
15	-50	1.92669e-011
20	-50	5.36948e-012
25	-50	1.67401e-011
30	-50	2.21097e-012
35	-50	2.84268e-012
40	-50	1.10548e-011
45	-50	-1.80035e-011
50	-50	-4.73775e-012
55	-50	4.10608e-012
60	-50	7.26459e-012
65	-50	2.84268e-012
70	-50	3.47438e-012
75	-50	8.52800e-012
80	-50	-6.00116e-012
85	-50	7.89629e-012
90	-50	5.36948e-012
95	-50	4.10608e-012
100	-50	4.10608e-012
105	-50	-3.15837e-013
110	-50	-1.29499e-011
115	-50	-1.42133e-011
120	-50	-9.47538e-013
125	-50	7.26459e-012
130	-50	4.73778e-012
135	-50	7.89629e-012
140	-50	7.26459e-012
145	-50	1.16865e-011
150	-50	-9.47538e-013
155	-50	-9.47538e-013
160	-50	2.84268e-012
165	-50	1.16865e-011
170	-50	1.98986e-011
175	-50	2.24254e-011
180	-50	-1.54767e-011
185	-50	-1.42133e-011
190	-50	-7.89627e-012
195	-50	2.55840e-011
200	-50	4.73778e-012
205	-50	2.74791e-011
210	-50	1.73718e-011
215	-50	2.24254e-011
220	-50	1.86352e-011
225	-50	3.19010e-011
230	-50	4.39033e-011
235	-50	5.02204e-011
240	-50	6.41178e-011
245	-50	8.05421e-011
250	-50	9.00176e-011
255	-50	1.03283e-010
260	-50	1.20339e-010
265	-50	1.45607e-010
270	-50	1.34868e-010
275	-50	1.41186e-010
280	-50	1.34868e-010
285	-50	1.52556e-010
290	-50	1.48134e-010
295	-50	1.52556e-010
300	-50	1.68980e-010
305	-50	1.74666e-010
310	-50	1.62032e-010
315	-50	1.89195e-010
320	-50	1.84773e-010
325	-50	1.86036e-010
330	-50	1.82878e-010
335	-50	1.86036e-010
340	-50	1.66454e-010
345	-50	2.13200e-010
350	-50	2.06883e-010
355	-50	2.08146e-010
360	-50	1.89195e-010
365	-50	2.13831e-010
370	-50	2.81423e-010
375	-50	2.52365e-010
380	-50	2.89636e-010
385	-50	2.64367e-010
390	-50	2.53629e-010
395	-50	2.63104e-010
400	-50	2.83950e-010
405	-50	4.21661e-010
410	-50	4.06500e-010
415	-50	4.07764e-010
420	-50	3.58491e-010
425	-50	3.52806e-010
430	-50	3.18694e-010
435	-50	3.30696e-010
440	-50	3.12377e-010
445	-50	3.28801e-010
450	-50	3.07955e-010
455	-50	3.24379e-010
460	-50	3.50911e-010
465	-50	3.67335e-010
470	-50	3.89444e-010
475	-50	6.88871e-010
480	-50	8.29741e-010
485	-50	7.14771e-010
490	-50	5.35999e-010
495	-50	4.41244e-010
500	-50	4.42508e-010
505	-50	4.52615e-010
510	-50	4.34295e-010
515	-50	4.86727e-010
520	-50	4.70934e-010
525	-50	4.79778e-010
530	-50	5.11995e-010
535	-50	5.49897e-010
540	-50	5.46107e-010
545	-50	5.71375e-010
550	-50	5.92853e-010
555	-50	5.39158e-010
560	-50	4.81041e-010
565	-50	4.71566e-010
570	-50	4.74724e-010
575	-50	5.01887e-010
580	-50	5.58109e-010
585	-50	5.53055e-010
590	-50	4.81673e-010
595	-50	4.25451e-010
600	-50	3.91971e-010
605	-50	4.09027e-010
610	-50	4.15344e-010
615	-50	3.80601e-010
620	-50	3.76179e-010
625	-50	3.46489e-010
630	-50	3.29433e-010
635	-50	3.00375e-010
640	-50	2.72580e-010
645	-50	3.09850e-010
650	-50	2.85214e-010
655	-50	2.56155e-010
660	-50	2.18885e-010
665	-50	1.86036e-010
670	-50	1.58241e-010
675	-50	1.84773e-010
680	-50	1.79088e-010
685	-50	1.56346e-010
690	-50	1.41186e-010
695	-50	1.38659e-010
700	-50	1.23498e-010
705	-50	9.63346e-011
710	-50	8.62274e-011
715	-50	7.04348e-011
720	-50	5.08521e-011
725	-50	4.70618e-011
730	-50	4.32716e-011
735	-50	5.14838e-011
740	-50	1.04894e-009
745	-50	1.69454e-009
750	-50	1.15633e-009
755	-50	1.10516e-009
760	-50	8.00683e-010
765	-50	8.32900e-010
770	-50	1.55557e-009
775	-50	2.30856e-009
780	-50	2.07132e-008
785	-50	2.07069e-008
790	-50	2.06924e-008
795	-50	2.06917e-008
800	-50	2.07132e-008
805	-50	2.06879e-008
810	-50	2.06841e-008
815	-50	2.07132e-008
820	-50	2.04984e-008
825	-50	1.22718e-008
830	-50	6.96673e-009
835	-50	3.81580e-009
840	-50	2.09883e-009
845	-50	1.11590e-009
850	-50	6.62972e-010
855	-50	4.25451e-010
860	-50	3.86918e-010
865	-50	3.66071e-010
870	-50	3.13009e-010
875	-50	2.72580e-010
880	-50	2.49207e-010
885	-50	2.49207e-010
890	-50	2.31519e-010
895	-50	2.42258e-010
900	-50	2.48575e-010
905	-50	2.39099e-010
910	-50	2.43521e-010
915	-50	2.91531e-010
920	-50	3.92603e-010
925	-50	4.63985e-010
930	-50	4.77251e-010
935	-50	4.92412e-010
940	-50	4.35559e-010
945	-50	4.09659e-010
950	-50	4.82936e-010
955	-50	7.04664e-010
960	-50	1.05526e-009
965	-50	1.06347e-009
970	-50	1.03125e-009
975	-50	9.31445e-010
980	-50	7.91207e-010
985	-50	6.53496e-010
990	-50	5.96011e-010
995	-50	4.94307e-010
1000	-50	4.67144e-010
