SECM Probe
X Axis: X-Position (micrometers)
Y Axis: Y-Position (micrometers)
Amplitude Axis: Probe Output (Amps)

Current Convention: European
Map Bias: 8.00000e-001V
Recorded by Potentiostat ID: 0


X-Y Table:
0	5	10	15	20	25	30	35	40	45	50	55	60	65	70	75	80	85	90	95	100	105	110	115	120	125	130	135	140	145	150	155	160	165	170	175	180	185	190	195	200	205	210	215	220	225	230	235	240	245	250	255	260	265	270	275	280	285	290	295	300	305	310	315	320	325	330	335	340	345	350	355	360	365	370	375	380	385	390	395	400	405	410	415	420	425	430	435	440	445	450	455	460	465	470	475	480	485	490	495	500	505	510	515	520	525	530	535	540	545	550	555	560	565	570	575	580	585	590	595	600	605	610	615	620	625	630	635	640	645	650	655	660	665	670	675	680	685	690	695	700	705	710	715	720	725	730	735	740	745	750	755	760	765	770	775	780	785	790	795	800	805	810	815	820	825	830	835	840	845	850	855	860	865	870	875	880	885	890	895	900	905	910	915	920	925	930	935	940	945	950	955	960	965	970	975	980	985	990	995	1000	
1.86598e-010	-4.97596e-011	1.24399e-010	1.86598e-010	2.11478e-010	-3.60757e-010	2.48798e-010	1.24399e-011	-3.85636e-010	2.36358e-010	1.74158e-010	2.73677e-010	-4.47836e-010	-4.97596e-011	-1.11959e-010	-3.73197e-010	3.73196e-011	-2.98557e-010	3.73196e-011	1.24399e-011	4.97595e-011	3.73196e-011	-3.10997e-010	1.86598e-010	1.86598e-010	-8.70792e-011	1.49279e-010	4.10516e-010	-3.98076e-010	3.10997e-010	-2.86117e-010	-2.86117e-010	8.70791e-011	2.73677e-010	-7.46393e-011	2.61238e-010	3.60757e-010	4.35396e-010	1.74158e-010	2.86117e-010	1.99038e-010	-2.61238e-010	1.99038e-010	3.35877e-010	-1.49279e-010	4.60276e-010	1.49279e-010	3.98076e-010	4.35396e-010	3.48317e-010	9.95190e-011	6.46874e-010	-1.36839e-010	8.70791e-011	1.24399e-011	-1.11959e-010	4.10516e-010	-1.99038e-010	3.73196e-011	-9.95191e-011	1.86598e-010	-1.61718e-010	1.86598e-010	1.49279e-010	2.11478e-010	-2.61238e-010	-1.61718e-010	-3.60757e-010	-4.97596e-011	1.11959e-010	-4.97596e-011	2.36358e-010	-2.48798e-010	-6.21994e-011	4.22956e-010	4.85155e-010	-1.24399e-010	1.24399e-011	2.48797e-011	3.73196e-011	4.35396e-010	1.86598e-010	3.73196e-010	-4.97596e-011	2.48798e-010	-3.48826e-017	3.48317e-010	5.97114e-010	8.70791e-011	-1.24399e-011	2.86117e-010	4.10516e-010	1.24399e-011	-1.61718e-010	1.24399e-011	1.36839e-010	4.35396e-010	4.85155e-010	1.86598e-010	5.22475e-010	2.48798e-010	-9.95191e-011	-2.11478e-010	3.23437e-010	-8.70792e-011	3.23437e-010	-2.86117e-010	1.36839e-010	2.98557e-010	2.86117e-010	6.59314e-010	3.73196e-011	2.86117e-010	-1.86598e-010	4.60276e-010	-4.97596e-011	-7.46393e-011	-1.86598e-010	-7.46393e-011	2.11478e-010	-2.98557e-010	-1.11959e-010	6.34434e-010	3.85636e-010	4.35396e-010	4.10516e-010	4.85155e-010	3.73196e-011	5.84674e-010	-4.97596e-011	2.86117e-010	4.97595e-011	1.86598e-010	7.83713e-010	9.95190e-011	4.85155e-010	1.05739e-009	2.84873e-009	5.21231e-009	8.06104e-009	9.72799e-009	9.14331e-009	7.22757e-009	5.82186e-009	5.92138e-009	8.93183e-009	2.67084e-008	4.07804e-007	4.07381e-007	4.07468e-007	4.07294e-007	4.07406e-007	2.41744e-007	3.54163e-008	1.69307e-008	1.12581e-008	4.41616e-009	2.10234e-009	1.04495e-009	1.03251e-009	1.04495e-009	9.45431e-010	7.33953e-010	8.83232e-010	4.47836e-010	8.83232e-010	5.47355e-010	6.59314e-010	2.98557e-010	6.21994e-010	4.35396e-010	5.34915e-010	5.97114e-010	6.96633e-010	1.41815e-009	1.33107e-009	7.83713e-010	8.83232e-010	1.35595e-009	1.69182e-009	1.24399e-009	1.13203e-009	1.35595e-009	1.18179e-009	1.08227e-009	6.34434e-010	5.84674e-010	4.22956e-010	4.72715e-010	7.71273e-010	1.20667e-009	8.08592e-010	2.02770e-009	2.21430e-009	1.96550e-009	1.30619e-009	1.33107e-009	1.08227e-009	7.46393e-010	4.35396e-010	7.83713e-010	50
1.99038e-010	-1.24399e-011	2.48798e-010	-3.48826e-017	-1.36839e-010	-6.21994e-011	-3.10997e-010	-3.48826e-017	-6.21994e-010	-1.11959e-010	-1.61718e-010	-2.11478e-010	1.24399e-011	-8.70792e-011	1.86598e-010	-3.73197e-011	2.36358e-010	-6.21994e-011	1.11959e-010	8.70791e-011	1.61718e-010	-1.24399e-011	-1.61718e-010	-1.99038e-010	-1.86598e-010	-1.61718e-010	1.86598e-010	7.46393e-011	1.86598e-010	1.24399e-011	1.11959e-010	1.24399e-011	-3.60757e-010	8.70791e-011	4.97595e-011	-4.97596e-011	4.97595e-011	1.86598e-010	-3.73197e-010	3.23437e-010	8.70791e-011	-1.74158e-010	3.73196e-011	-1.86598e-010	-1.11959e-010	2.36358e-010	2.61238e-010	5.10035e-010	-2.11478e-010	-1.61718e-010	1.86598e-010	-6.21994e-011	4.35396e-010	5.34915e-010	1.61718e-010	5.34915e-010	1.11959e-010	4.35396e-010	3.10997e-010	-6.21994e-011	-1.61718e-010	3.10997e-010	3.60757e-010	1.11959e-010	2.48798e-010	6.46874e-010	-1.61718e-010	4.72715e-010	1.36839e-010	8.70791e-011	3.85636e-010	2.48798e-010	-1.11959e-010	2.48797e-011	3.60757e-010	-2.48798e-011	6.34434e-010	3.60757e-010	-4.97596e-011	4.60276e-010	4.72715e-010	3.98076e-010	-1.24399e-011	6.84194e-010	5.10035e-010	4.85155e-010	6.46874e-010	-1.61718e-010	1.86598e-010	4.35396e-010	1.74158e-010	3.48317e-010	2.11478e-010	1.36839e-010	3.35877e-010	1.49279e-010	9.95190e-011	2.36358e-010	-1.11959e-010	3.10997e-010	-2.73677e-010	-1.49279e-010	-4.97596e-011	3.85636e-010	-2.11478e-010	2.98557e-010	7.46393e-011	1.86598e-010	8.70792e-010	6.34434e-010	3.85636e-010	1.86598e-010	1.24399e-010	3.85636e-010	2.48798e-010	4.60276e-010	3.48317e-010	2.98557e-010	2.11478e-010	9.95190e-011	1.49279e-010	2.11478e-010	3.10997e-010	8.70791e-011	5.47355e-010	9.95190e-011	3.85636e-010	3.73196e-011	1.36839e-010	8.70791e-011	1.86598e-010	2.48798e-010	1.36839e-010	-4.97596e-011	2.11478e-010	3.35877e-010	2.72433e-009	3.57025e-009	5.61039e-009	6.29458e-009	7.76249e-009	8.08592e-009	6.51850e-009	4.82667e-009	4.50324e-009	6.48118e-009	6.65534e-009	6.63046e-009	4.07108e-007	4.07406e-007	4.07804e-007	1.37573e-007	5.94378e-008	2.55142e-008	1.46169e-008	9.66579e-009	7.98640e-009	4.01808e-009	1.59230e-009	1.03251e-009	7.71273e-010	4.22956e-010	4.85155e-010	6.34434e-010	9.32991e-010	4.97595e-010	4.35396e-010	6.46874e-010	8.21032e-010	6.96633e-010	6.21994e-010	4.72715e-010	2.86117e-010	2.48798e-010	8.08592e-010	9.57871e-010	7.46393e-010	7.46393e-010	5.22475e-010	7.58833e-010	1.00763e-009	8.08592e-010	5.97114e-010	5.97114e-010	6.09554e-010	6.96633e-010	9.45431e-010	6.84194e-010	7.33953e-010	7.46393e-010	1.26887e-009	2.21430e-009	2.76165e-009	2.86117e-009	2.25162e-009	1.10715e-009	6.09554e-010	7.46393e-010	4.85155e-010	6.46874e-010	5.47355e-010	30
1.24399e-011	-4.97596e-011	4.97595e-011	-2.73677e-010	-1.61718e-010	2.73677e-010	2.36358e-010	1.11959e-010	-3.23437e-010	4.97595e-011	6.21994e-011	2.36358e-010	4.97595e-011	-4.10516e-010	-2.98557e-010	7.46393e-011	2.36358e-010	4.97595e-011	-2.48798e-010	-1.74158e-010	-1.24399e-011	2.86117e-010	-1.61718e-010	-3.48826e-017	-2.98557e-010	1.11959e-010	1.49279e-010	-1.11959e-010	-7.46393e-011	1.86598e-010	7.46393e-011	3.23437e-010	2.48797e-011	2.48798e-010	1.36839e-010	1.24399e-011	-1.86598e-010	4.35396e-010	3.73196e-011	3.73196e-011	7.46393e-011	3.48317e-010	4.47836e-010	3.85636e-010	7.83713e-010	1.86598e-010	3.73196e-010	6.21994e-010	-1.24399e-011	1.24399e-010	1.86598e-010	3.73196e-011	1.74158e-010	2.36358e-010	2.86117e-010	3.85636e-010	4.97595e-010	1.86598e-010	6.59314e-010	1.86598e-010	3.60757e-010	-3.48826e-017	3.73196e-011	-7.46393e-011	3.73196e-011	5.10035e-010	2.11478e-010	2.36358e-010	-1.11959e-010	4.35396e-010	2.36358e-010	2.86117e-010	5.97114e-010	4.47836e-010	-1.11959e-010	8.70791e-011	9.95190e-011	-7.46393e-011	1.49279e-010	3.48317e-010	-1.24399e-011	2.86117e-010	-1.74158e-010	1.61718e-010	5.34915e-010	3.85636e-010	5.10035e-010	4.47836e-010	3.73196e-011	-1.11959e-010	3.73196e-011	-2.23918e-010	-3.48826e-017	-1.36839e-010	-6.21994e-011	6.34434e-010	1.86598e-010	2.86117e-010	7.09073e-010	2.11478e-010	5.10035e-010	7.83713e-010	4.85155e-010	5.47355e-010	7.83713e-010	8.95671e-010	8.33472e-010	7.21513e-010	1.00763e-009	7.46393e-010	9.82751e-010	1.06983e-009	8.21032e-010	8.33472e-010	4.85155e-010	6.46874e-010	4.47836e-010	4.85155e-010	5.10035e-010	2.86117e-010	5.84674e-010	4.47836e-010	1.86598e-010	3.23437e-010	2.61238e-010	5.22475e-010	1.99038e-010	3.35877e-010	2.36358e-010	4.35396e-010	1.49279e-010	3.98076e-010	1.86598e-010	1.49279e-010	3.23437e-010	4.35396e-010	4.97595e-011	2.86117e-010	1.24399e-009	2.57506e-009	3.86880e-009	5.37403e-009	4.98839e-009	3.80660e-009	2.91093e-009	4.92619e-009	4.25444e-009	2.97313e-009	4.07008e-007	4.07294e-007	4.07804e-007	4.07804e-007	3.81855e-007	3.75684e-008	1.33853e-008	1.49030e-008	5.58551e-009	2.68701e-009	2.04014e-009	1.23155e-009	3.10997e-010	3.98076e-010	4.72715e-010	3.85636e-010	7.46393e-010	6.46874e-010	4.85155e-010	5.22475e-010	3.48317e-010	8.45912e-010	8.70792e-010	7.83713e-010	6.46874e-010	8.33472e-010	6.96633e-010	9.70311e-010	1.00763e-009	6.34434e-010	1.06983e-009	1.13203e-009	7.21513e-010	6.84194e-010	6.34434e-010	6.21994e-010	5.47355e-010	1.08227e-009	1.23155e-009	1.29375e-009	1.03251e-009	1.33107e-009	2.22674e-009	1.18179e-009	8.45912e-010	1.05739e-009	1.03251e-009	6.84194e-010	5.22475e-010	7.09073e-010	7.58833e-010	6.84194e-010	4.35396e-010	10
2.11478e-010	2.73677e-010	-2.48798e-010	-8.70792e-011	-4.97596e-011	-6.21994e-011	4.97595e-011	-6.21994e-011	-7.46393e-011	4.97595e-011	1.99038e-010	1.86598e-010	7.46393e-011	-1.86598e-010	2.11478e-010	8.70791e-011	-5.10035e-010	-1.24399e-011	1.49279e-010	8.70791e-011	3.73196e-011	1.86598e-010	2.36358e-010	3.85636e-010	-4.60276e-010	9.95190e-011	1.86598e-010	1.24399e-010	-1.24399e-011	-8.70792e-011	4.97595e-011	-3.23437e-010	-7.46393e-011	-2.48798e-011	-8.70792e-011	1.24399e-010	-1.86598e-010	-4.10516e-010	-3.85636e-010	1.36839e-010	2.61238e-010	1.86598e-010	-2.23918e-010	2.36358e-010	2.11478e-010	3.73196e-011	-9.95191e-011	-1.74158e-010	5.10035e-010	4.35396e-010	3.73196e-011	-1.49279e-010	8.70791e-011	3.35877e-010	3.73196e-011	3.35877e-010	3.10997e-010	-8.70792e-011	-2.48798e-011	-1.86598e-010	1.36839e-010	3.73196e-011	2.23918e-010	4.47836e-010	4.97595e-011	4.97595e-011	4.97595e-011	4.97595e-011	2.36358e-010	2.61238e-010	5.59795e-010	5.10035e-010	3.73196e-011	-3.73197e-011	-1.24399e-011	3.73196e-011	-1.49279e-010	-3.73197e-011	3.85636e-010	5.47355e-010	4.47836e-010	2.86117e-010	1.74158e-010	1.86598e-010	9.08111e-010	2.86117e-010	4.47836e-010	7.09073e-010	2.23918e-010	8.21032e-010	4.35396e-010	3.60757e-010	4.97595e-010	2.73677e-010	3.48317e-010	1.36839e-010	3.35877e-010	1.28131e-009	1.10715e-009	6.46874e-010	7.21513e-010	5.97114e-010	6.59314e-010	8.33472e-010	8.45912e-010	5.84674e-010	8.58352e-010	5.97114e-010	9.32991e-010	7.21513e-010	5.47355e-010	6.46874e-010	8.83232e-010	6.09554e-010	7.46393e-010	8.95671e-010	1.03251e-009	6.84194e-010	7.09073e-010	7.21513e-010	6.34434e-010	7.46393e-010	3.85636e-010	8.70791e-011	3.35877e-010	5.97114e-010	3.23437e-010	3.35877e-010	4.72715e-010	4.47836e-010	5.84674e-010	-8.70792e-011	5.59795e-010	7.46393e-011	3.48317e-010	1.86598e-010	-1.24399e-011	6.71754e-010	1.16562e-008	4.39128e-009	2.91093e-009	4.57788e-009	5.97114e-009	7.61321e-009	9.55383e-009	1.43432e-008	2.04760e-008	3.83895e-008	4.07605e-007	4.07804e-007	4.07804e-007	4.07804e-007	9.90588e-008	1.33978e-008	1.02380e-008	7.91177e-009	7.26489e-009	3.03533e-009	8.83232e-010	5.22475e-010	3.60757e-010	1.36839e-010	-3.48826e-017	3.73196e-011	1.11959e-010	1.74158e-010	2.36358e-010	6.46874e-010	3.73196e-010	1.74158e-010	5.97114e-010	1.99038e-010	6.09554e-010	2.86117e-010	4.85155e-010	5.59795e-010	5.59795e-010	1.08227e-009	9.08111e-010	9.45431e-010	5.84674e-010	5.59795e-010	7.58833e-010	5.97114e-010	8.21032e-010	1.04495e-009	9.70311e-010	1.50523e-009	1.50523e-009	1.20667e-009	8.08592e-010	9.20551e-010	9.95191e-010	1.18179e-009	6.21994e-010	7.71273e-010	5.47355e-010	4.10516e-010	4.10516e-010	5.47355e-010	4.72715e-010	-10
1.24399e-010	3.10997e-010	-1.61718e-010	6.21994e-011	1.11959e-010	3.10997e-010	-3.60757e-010	1.24399e-010	-2.48798e-010	-3.73197e-011	1.86598e-010	1.11959e-010	4.97595e-011	1.49279e-010	-1.11959e-010	2.36358e-010	-4.10516e-010	-1.11959e-010	1.36839e-010	2.86117e-010	-3.85636e-010	3.85636e-010	1.86598e-010	1.86598e-010	-1.11959e-010	6.21994e-011	1.36839e-010	-3.48826e-017	-3.35877e-010	-2.48798e-010	1.74158e-010	-1.86598e-010	-2.86117e-010	2.36358e-010	3.10997e-010	-3.85636e-010	2.86117e-010	2.11478e-010	1.24399e-011	-2.61238e-010	1.24399e-011	1.24399e-011	4.97595e-011	8.70791e-011	1.24399e-011	4.72715e-010	-1.99038e-010	-2.98557e-010	3.85636e-010	9.95190e-011	2.86117e-010	5.34915e-010	-4.97596e-011	2.36358e-010	2.98557e-010	5.10035e-010	2.48797e-011	8.70791e-011	-1.49279e-010	-1.24399e-011	-2.11478e-010	3.73196e-011	2.48797e-011	1.49279e-010	1.74158e-010	8.70791e-011	1.11959e-010	4.47836e-010	6.21994e-011	3.73196e-011	2.11478e-010	6.34434e-010	2.86117e-010	1.18179e-009	6.46874e-010	1.36839e-010	3.48317e-010	-1.24399e-011	3.85636e-010	1.49279e-010	3.23437e-010	6.09554e-010	3.98076e-010	1.49279e-010	6.46874e-010	4.22956e-010	6.15774e-009	1.46791e-009	1.40571e-009	7.83713e-010	2.48798e-010	7.46393e-011	4.35396e-010	4.22956e-010	1.86598e-010	1.86598e-010	4.47836e-010	3.98076e-010	4.10516e-010	4.72715e-010	4.35396e-010	3.48317e-010	2.36358e-010	4.10516e-010	4.47836e-010	6.46874e-010	6.84194e-010	6.71754e-010	5.34915e-010	7.96152e-010	5.34915e-010	7.83713e-010	1.03251e-009	8.58352e-010	8.83232e-010	7.21513e-010	6.34434e-010	3.98076e-010	3.35877e-010	5.97114e-010	2.86117e-010	2.73677e-010	1.24399e-011	2.48798e-010	1.49279e-010	4.97595e-010	4.35396e-010	-9.95191e-011	-9.95191e-011	3.35877e-010	1.86598e-010	3.85636e-010	-7.46393e-011	2.61238e-010	3.10997e-010	-9.95191e-011	2.36358e-010	1.91947e-008	5.80943e-009	6.13286e-009	4.27932e-009	4.13004e-009	6.02090e-009	7.60077e-009	8.84476e-009	9.64091e-009	9.70311e-009	1.43183e-008	3.23437e-008	6.30204e-008	6.81084e-008	4.07319e-007	4.07481e-007	1.79134e-008	3.95091e-008	4.17980e-009	2.45066e-009	1.40571e-009	7.71273e-010	3.98076e-010	3.48317e-010	1.99038e-010	2.48798e-010	1.86598e-010	3.85636e-010	8.70791e-011	8.70791e-011	1.61718e-010	6.34434e-010	1.49279e-010	-4.97596e-011	2.86117e-010	6.34434e-010	3.35877e-010	6.84194e-010	8.95671e-010	7.83713e-010	3.35877e-010	3.85636e-010	5.84674e-010	5.47355e-010	6.46874e-010	8.70792e-010	9.95191e-010	1.03251e-009	1.09471e-009	1.56743e-009	1.62962e-009	1.34351e-009	1.75402e-009	1.80378e-009	1.33107e-009	1.08227e-009	9.95191e-010	9.20551e-010	6.21994e-010	4.35396e-010	8.08592e-010	4.72715e-010	9.70311e-010	6.34434e-010	-30
-1.11959e-010	9.95190e-011	-2.73677e-010	1.86598e-010	3.10997e-010	1.11959e-010	-2.48798e-010	1.86598e-010	8.70791e-011	2.98557e-010	9.95190e-011	-2.23918e-010	-2.61238e-010	2.48797e-011	-2.48798e-010	2.11478e-010	-3.85636e-010	-2.48798e-010	-2.98557e-010	2.86117e-010	1.86598e-010	-1.61718e-010	-1.61718e-010	-1.61718e-010	4.35396e-010	2.48798e-010	3.23437e-010	1.36839e-010	-1.49279e-010	-6.21994e-011	3.35877e-010	-1.99038e-010	4.97595e-011	3.85636e-010	-1.99038e-010	-3.48826e-017	4.72715e-010	3.85636e-010	3.35877e-010	-6.21994e-011	3.23437e-010	3.35877e-010	3.73196e-011	-3.48826e-017	1.49279e-010	1.99038e-010	4.10516e-010	1.49279e-010	2.73677e-010	3.48317e-010	1.94062e-009	7.46393e-010	3.60757e-010	1.24399e-010	3.10997e-010	1.49279e-010	6.34434e-010	4.60276e-010	6.21994e-011	2.98557e-010	5.22475e-010	4.22956e-010	2.98557e-010	4.47836e-010	3.49561e-009	1.19423e-009	3.10997e-010	1.86598e-010	2.48798e-010	4.22956e-010	5.22475e-010	7.83713e-010	4.85155e-010	5.47355e-010	5.22475e-010	1.86598e-010	3.10997e-010	8.33472e-010	4.10516e-010	1.86598e-010	8.33472e-010	5.72235e-010	5.47355e-010	8.21032e-010	1.43059e-009	2.10234e-009	1.66694e-009	7.21513e-010	7.58833e-010	7.96152e-010	4.10516e-010	6.34434e-010	6.34434e-010	4.72715e-010	5.97114e-010	7.71273e-010	7.21513e-010	8.58352e-010	1.08227e-009	9.08111e-010	8.95671e-010	9.82751e-010	1.00763e-009	7.71273e-010	8.08592e-010	6.46874e-010	8.45912e-010	7.09073e-010	8.45912e-010	1.11959e-009	1.08227e-009	9.45431e-010	1.03251e-009	9.32991e-010	1.09471e-009	8.33472e-010	7.46393e-010	4.35396e-010	4.72715e-010	5.72235e-010	4.10516e-010	3.85636e-010	3.85636e-010	8.70791e-011	4.97595e-010	1.24399e-010	7.46393e-011	9.95190e-011	5.84674e-010	1.86598e-010	7.46393e-011	8.70791e-011	3.35877e-010	2.48798e-010	4.10516e-010	-1.11959e-010	3.35877e-010	-2.23918e-010	2.48798e-010	8.33472e-010	1.24399e-009	1.97794e-009	3.08509e-009	4.06784e-009	6.65534e-009	8.44668e-009	1.10715e-008	4.07394e-007	4.07667e-007	4.07369e-007	4.07804e-007	7.30221e-008	4.21463e-008	2.46061e-008	1.44427e-008	7.68785e-009	2.43822e-009	1.53011e-009	5.47355e-010	4.10516e-010	6.71754e-010	2.36358e-010	5.72235e-010	8.70791e-011	4.47836e-010	2.61238e-010	1.74158e-010	4.60276e-010	1.86598e-010	1.11959e-010	6.59314e-010	3.85636e-010	6.34434e-010	7.83713e-010	8.95671e-010	1.08227e-009	4.97595e-010	5.59795e-010	4.35396e-010	2.25162e-009	2.52530e-009	1.60474e-009	3.53293e-009	3.54537e-009	3.06021e-009	1.64206e-009	1.13203e-009	2.59994e-009	2.06502e-009	1.23155e-009	9.45431e-010	7.46393e-010	1.14447e-009	1.48035e-009	2.33870e-009	9.79019e-009	2.18942e-009	4.22956e-009	1.40571e-009	8.08592e-010	9.32991e-010	-50


Point Cloud:
X	Y	Z
0	50	1.86598e-010
5	50	-4.97596e-011
10	50	1.24399e-010
15	50	1.86598e-010
20	50	2.11478e-010
25	50	-3.60757e-010
30	50	2.48798e-010
35	50	1.24399e-011
40	50	-3.85636e-010
45	50	2.36358e-010
50	50	1.74158e-010
55	50	2.73677e-010
60	50	-4.47836e-010
65	50	-4.97596e-011
70	50	-1.11959e-010
75	50	-3.73197e-010
80	50	3.73196e-011
85	50	-2.98557e-010
90	50	3.73196e-011
95	50	1.24399e-011
100	50	4.97595e-011
105	50	3.73196e-011
110	50	-3.10997e-010
115	50	1.86598e-010
120	50	1.86598e-010
125	50	-8.70792e-011
130	50	1.49279e-010
135	50	4.10516e-010
140	50	-3.98076e-010
145	50	3.10997e-010
150	50	-2.86117e-010
155	50	-2.86117e-010
160	50	8.70791e-011
165	50	2.73677e-010
170	50	-7.46393e-011
175	50	2.61238e-010
180	50	3.60757e-010
185	50	4.35396e-010
190	50	1.74158e-010
195	50	2.86117e-010
200	50	1.99038e-010
205	50	-2.61238e-010
210	50	1.99038e-010
215	50	3.35877e-010
220	50	-1.49279e-010
225	50	4.60276e-010
230	50	1.49279e-010
235	50	3.98076e-010
240	50	4.35396e-010
245	50	3.48317e-010
250	50	9.95190e-011
255	50	6.46874e-010
260	50	-1.36839e-010
265	50	8.70791e-011
270	50	1.24399e-011
275	50	-1.11959e-010
280	50	4.10516e-010
285	50	-1.99038e-010
290	50	3.73196e-011
295	50	-9.95191e-011
300	50	1.86598e-010
305	50	-1.61718e-010
310	50	1.86598e-010
315	50	1.49279e-010
320	50	2.11478e-010
325	50	-2.61238e-010
330	50	-1.61718e-010
335	50	-3.60757e-010
340	50	-4.97596e-011
345	50	1.11959e-010
350	50	-4.97596e-011
355	50	2.36358e-010
360	50	-2.48798e-010
365	50	-6.21994e-011
370	50	4.22956e-010
375	50	4.85155e-010
380	50	-1.24399e-010
385	50	1.24399e-011
390	50	2.48797e-011
395	50	3.73196e-011
400	50	4.35396e-010
405	50	1.86598e-010
410	50	3.73196e-010
415	50	-4.97596e-011
420	50	2.48798e-010
425	50	-3.48826e-017
430	50	3.48317e-010
435	50	5.97114e-010
440	50	8.70791e-011
445	50	-1.24399e-011
450	50	2.86117e-010
455	50	4.10516e-010
460	50	1.24399e-011
465	50	-1.61718e-010
470	50	1.24399e-011
475	50	1.36839e-010
480	50	4.35396e-010
485	50	4.85155e-010
490	50	1.86598e-010
495	50	5.22475e-010
500	50	2.48798e-010
505	50	-9.95191e-011
510	50	-2.11478e-010
515	50	3.23437e-010
520	50	-8.70792e-011
525	50	3.23437e-010
530	50	-2.86117e-010
535	50	1.36839e-010
540	50	2.98557e-010
545	50	2.86117e-010
550	50	6.59314e-010
555	50	3.73196e-011
560	50	2.86117e-010
565	50	-1.86598e-010
570	50	4.60276e-010
575	50	-4.97596e-011
580	50	-7.46393e-011
585	50	-1.86598e-010
590	50	-7.46393e-011
595	50	2.11478e-010
600	50	-2.98557e-010
605	50	-1.11959e-010
610	50	6.34434e-010
615	50	3.85636e-010
620	50	4.35396e-010
625	50	4.10516e-010
630	50	4.85155e-010
635	50	3.73196e-011
640	50	5.84674e-010
645	50	-4.97596e-011
650	50	2.86117e-010
655	50	4.97595e-011
660	50	1.86598e-010
665	50	7.83713e-010
670	50	9.95190e-011
675	50	4.85155e-010
680	50	1.05739e-009
685	50	2.84873e-009
690	50	5.21231e-009
695	50	8.06104e-009
700	50	9.72799e-009
705	50	9.14331e-009
710	50	7.22757e-009
715	50	5.82186e-009
720	50	5.92138e-009
725	50	8.93183e-009
730	50	2.67084e-008
735	50	4.07804e-007
740	50	4.07381e-007
745	50	4.07468e-007
750	50	4.07294e-007
755	50	4.07406e-007
760	50	2.41744e-007
765	50	3.54163e-008
770	50	1.69307e-008
775	50	1.12581e-008
780	50	4.41616e-009
785	50	2.10234e-009
790	50	1.04495e-009
795	50	1.03251e-009
800	50	1.04495e-009
805	50	9.45431e-010
810	50	7.33953e-010
815	50	8.83232e-010
820	50	4.47836e-010
825	50	8.83232e-010
830	50	5.47355e-010
835	50	6.59314e-010
840	50	2.98557e-010
845	50	6.21994e-010
850	50	4.35396e-010
855	50	5.34915e-010
860	50	5.97114e-010
865	50	6.96633e-010
870	50	1.41815e-009
875	50	1.33107e-009
880	50	7.83713e-010
885	50	8.83232e-010
890	50	1.35595e-009
895	50	1.69182e-009
900	50	1.24399e-009
905	50	1.13203e-009
910	50	1.35595e-009
915	50	1.18179e-009
920	50	1.08227e-009
925	50	6.34434e-010
930	50	5.84674e-010
935	50	4.22956e-010
940	50	4.72715e-010
945	50	7.71273e-010
950	50	1.20667e-009
955	50	8.08592e-010
960	50	2.02770e-009
965	50	2.21430e-009
970	50	1.96550e-009
975	50	1.30619e-009
980	50	1.33107e-009
985	50	1.08227e-009
990	50	7.46393e-010
995	50	4.35396e-010
1000	50	7.83713e-010
0	30	1.99038e-010
5	30	-1.24399e-011
10	30	2.48798e-010
15	30	-3.48826e-017
20	30	-1.36839e-010
25	30	-6.21994e-011
30	30	-3.10997e-010
35	30	-3.48826e-017
40	30	-6.21994e-010
45	30	-1.11959e-010
50	30	-1.61718e-010
55	30	-2.11478e-010
60	30	1.24399e-011
65	30	-8.70792e-011
70	30	1.86598e-010
75	30	-3.73197e-011
80	30	2.36358e-010
85	30	-6.21994e-011
90	30	1.11959e-010
95	30	8.70791e-011
100	30	1.61718e-010
105	30	-1.24399e-011
110	30	-1.61718e-010
115	30	-1.99038e-010
120	30	-1.86598e-010
125	30	-1.61718e-010
130	30	1.86598e-010
135	30	7.46393e-011
140	30	1.86598e-010
145	30	1.24399e-011
150	30	1.11959e-010
155	30	1.24399e-011
160	30	-3.60757e-010
165	30	8.70791e-011
170	30	4.97595e-011
175	30	-4.97596e-011
180	30	4.97595e-011
185	30	1.86598e-010
190	30	-3.73197e-010
195	30	3.23437e-010
200	30	8.70791e-011
205	30	-1.74158e-010
210	30	3.73196e-011
215	30	-1.86598e-010
220	30	-1.11959e-010
225	30	2.36358e-010
230	30	2.61238e-010
235	30	5.10035e-010
240	30	-2.11478e-010
245	30	-1.61718e-010
250	30	1.86598e-010
255	30	-6.21994e-011
260	30	4.35396e-010
265	30	5.34915e-010
270	30	1.61718e-010
275	30	5.34915e-010
280	30	1.11959e-010
285	30	4.35396e-010
290	30	3.10997e-010
295	30	-6.21994e-011
300	30	-1.61718e-010
305	30	3.10997e-010
310	30	3.60757e-010
315	30	1.11959e-010
320	30	2.48798e-010
325	30	6.46874e-010
330	30	-1.61718e-010
335	30	4.72715e-010
340	30	1.36839e-010
345	30	8.70791e-011
350	30	3.85636e-010
355	30	2.48798e-010
360	30	-1.11959e-010
365	30	2.48797e-011
370	30	3.60757e-010
375	30	-2.48798e-011
380	30	6.34434e-010
385	30	3.60757e-010
390	30	-4.97596e-011
395	30	4.60276e-010
400	30	4.72715e-010
405	30	3.98076e-010
410	30	-1.24399e-011
415	30	6.84194e-010
420	30	5.10035e-010
425	30	4.85155e-010
430	30	6.46874e-010
435	30	-1.61718e-010
440	30	1.86598e-010
445	30	4.35396e-010
450	30	1.74158e-010
455	30	3.48317e-010
460	30	2.11478e-010
465	30	1.36839e-010
470	30	3.35877e-010
475	30	1.49279e-010
480	30	9.95190e-011
485	30	2.36358e-010
490	30	-1.11959e-010
495	30	3.10997e-010
500	30	-2.73677e-010
505	30	-1.49279e-010
510	30	-4.97596e-011
515	30	3.85636e-010
520	30	-2.11478e-010
525	30	2.98557e-010
530	30	7.46393e-011
535	30	1.86598e-010
540	30	8.70792e-010
545	30	6.34434e-010
550	30	3.85636e-010
555	30	1.86598e-010
560	30	1.24399e-010
565	30	3.85636e-010
570	30	2.48798e-010
575	30	4.60276e-010
580	30	3.48317e-010
585	30	2.98557e-010
590	30	2.11478e-010
595	30	9.95190e-011
600	30	1.49279e-010
605	30	2.11478e-010
610	30	3.10997e-010
615	30	8.70791e-011
620	30	5.47355e-010
625	30	9.95190e-011
630	30	3.85636e-010
635	30	3.73196e-011
640	30	1.36839e-010
645	30	8.70791e-011
650	30	1.86598e-010
655	30	2.48798e-010
660	30	1.36839e-010
665	30	-4.97596e-011
670	30	2.11478e-010
675	30	3.35877e-010
680	30	2.72433e-009
685	30	3.57025e-009
690	30	5.61039e-009
695	30	6.29458e-009
700	30	7.76249e-009
705	30	8.08592e-009
710	30	6.51850e-009
715	30	4.82667e-009
720	30	4.50324e-009
725	30	6.48118e-009
730	30	6.65534e-009
735	30	6.63046e-009
740	30	4.07108e-007
745	30	4.07406e-007
750	30	4.07804e-007
755	30	1.37573e-007
760	30	5.94378e-008
765	30	2.55142e-008
770	30	1.46169e-008
775	30	9.66579e-009
780	30	7.98640e-009
785	30	4.01808e-009
790	30	1.59230e-009
795	30	1.03251e-009
800	30	7.71273e-010
805	30	4.22956e-010
810	30	4.85155e-010
815	30	6.34434e-010
820	30	9.32991e-010
825	30	4.97595e-010
830	30	4.35396e-010
835	30	6.46874e-010
840	30	8.21032e-010
845	30	6.96633e-010
850	30	6.21994e-010
855	30	4.72715e-010
860	30	2.86117e-010
865	30	2.48798e-010
870	30	8.08592e-010
875	30	9.57871e-010
880	30	7.46393e-010
885	30	7.46393e-010
890	30	5.22475e-010
895	30	7.58833e-010
900	30	1.00763e-009
905	30	8.08592e-010
910	30	5.97114e-010
915	30	5.97114e-010
920	30	6.09554e-010
925	30	6.96633e-010
930	30	9.45431e-010
935	30	6.84194e-010
940	30	7.33953e-010
945	30	7.46393e-010
950	30	1.26887e-009
955	30	2.21430e-009
960	30	2.76165e-009
965	30	2.86117e-009
970	30	2.25162e-009
975	30	1.10715e-009
980	30	6.09554e-010
985	30	7.46393e-010
990	30	4.85155e-010
995	30	6.46874e-010
1000	30	5.47355e-010
0	10	1.24399e-011
5	10	-4.97596e-011
10	10	4.97595e-011
15	10	-2.73677e-010
20	10	-1.61718e-010
25	10	2.73677e-010
30	10	2.36358e-010
35	10	1.11959e-010
40	10	-3.23437e-010
45	10	4.97595e-011
50	10	6.21994e-011
55	10	2.36358e-010
60	10	4.97595e-011
65	10	-4.10516e-010
70	10	-2.98557e-010
75	10	7.46393e-011
80	10	2.36358e-010
85	10	4.97595e-011
90	10	-2.48798e-010
95	10	-1.74158e-010
100	10	-1.24399e-011
105	10	2.86117e-010
110	10	-1.61718e-010
115	10	-3.48826e-017
120	10	-2.98557e-010
125	10	1.11959e-010
130	10	1.49279e-010
135	10	-1.11959e-010
140	10	-7.46393e-011
145	10	1.86598e-010
150	10	7.46393e-011
155	10	3.23437e-010
160	10	2.48797e-011
165	10	2.48798e-010
170	10	1.36839e-010
175	10	1.24399e-011
180	10	-1.86598e-010
185	10	4.35396e-010
190	10	3.73196e-011
195	10	3.73196e-011
200	10	7.46393e-011
205	10	3.48317e-010
210	10	4.47836e-010
215	10	3.85636e-010
220	10	7.83713e-010
225	10	1.86598e-010
230	10	3.73196e-010
235	10	6.21994e-010
240	10	-1.24399e-011
245	10	1.24399e-010
250	10	1.86598e-010
255	10	3.73196e-011
260	10	1.74158e-010
265	10	2.36358e-010
270	10	2.86117e-010
275	10	3.85636e-010
280	10	4.97595e-010
285	10	1.86598e-010
290	10	6.59314e-010
295	10	1.86598e-010
300	10	3.60757e-010
305	10	-3.48826e-017
310	10	3.73196e-011
315	10	-7.46393e-011
320	10	3.73196e-011
325	10	5.10035e-010
330	10	2.11478e-010
335	10	2.36358e-010
340	10	-1.11959e-010
345	10	4.35396e-010
350	10	2.36358e-010
355	10	2.86117e-010
360	10	5.97114e-010
365	10	4.47836e-010
370	10	-1.11959e-010
375	10	8.70791e-011
380	10	9.95190e-011
385	10	-7.46393e-011
390	10	1.49279e-010
395	10	3.48317e-010
400	10	-1.24399e-011
405	10	2.86117e-010
410	10	-1.74158e-010
415	10	1.61718e-010
420	10	5.34915e-010
425	10	3.85636e-010
430	10	5.10035e-010
435	10	4.47836e-010
440	10	3.73196e-011
445	10	-1.11959e-010
450	10	3.73196e-011
455	10	-2.23918e-010
460	10	-3.48826e-017
465	10	-1.36839e-010
470	10	-6.21994e-011
475	10	6.34434e-010
480	10	1.86598e-010
485	10	2.86117e-010
490	10	7.09073e-010
495	10	2.11478e-010
500	10	5.10035e-010
505	10	7.83713e-010
510	10	4.85155e-010
515	10	5.47355e-010
520	10	7.83713e-010
525	10	8.95671e-010
530	10	8.33472e-010
535	10	7.21513e-010
540	10	1.00763e-009
545	10	7.46393e-010
550	10	9.82751e-010
555	10	1.06983e-009
560	10	8.21032e-010
565	10	8.33472e-010
570	10	4.85155e-010
575	10	6.46874e-010
580	10	4.47836e-010
585	10	4.85155e-010
590	10	5.10035e-010
595	10	2.86117e-010
600	10	5.84674e-010
605	10	4.47836e-010
610	10	1.86598e-010
615	10	3.23437e-010
620	10	2.61238e-010
625	10	5.22475e-010
630	10	1.99038e-010
635	10	3.35877e-010
640	10	2.36358e-010
645	10	4.35396e-010
650	10	1.49279e-010
655	10	3.98076e-010
660	10	1.86598e-010
665	10	1.49279e-010
670	10	3.23437e-010
675	10	4.35396e-010
680	10	4.97595e-011
685	10	2.86117e-010
690	10	1.24399e-009
695	10	2.57506e-009
700	10	3.86880e-009
705	10	5.37403e-009
710	10	4.98839e-009
715	10	3.80660e-009
720	10	2.91093e-009
725	10	4.92619e-009
730	10	4.25444e-009
735	10	2.97313e-009
740	10	4.07008e-007
745	10	4.07294e-007
750	10	4.07804e-007
755	10	4.07804e-007
760	10	3.81855e-007
765	10	3.75684e-008
770	10	1.33853e-008
775	10	1.49030e-008
780	10	5.58551e-009
785	10	2.68701e-009
790	10	2.04014e-009
795	10	1.23155e-009
800	10	3.10997e-010
805	10	3.98076e-010
810	10	4.72715e-010
815	10	3.85636e-010
820	10	7.46393e-010
825	10	6.46874e-010
830	10	4.85155e-010
835	10	5.22475e-010
840	10	3.48317e-010
845	10	8.45912e-010
850	10	8.70792e-010
855	10	7.83713e-010
860	10	6.46874e-010
865	10	8.33472e-010
870	10	6.96633e-010
875	10	9.70311e-010
880	10	1.00763e-009
885	10	6.34434e-010
890	10	1.06983e-009
895	10	1.13203e-009
900	10	7.21513e-010
905	10	6.84194e-010
910	10	6.34434e-010
915	10	6.21994e-010
920	10	5.47355e-010
925	10	1.08227e-009
930	10	1.23155e-009
935	10	1.29375e-009
940	10	1.03251e-009
945	10	1.33107e-009
950	10	2.22674e-009
955	10	1.18179e-009
960	10	8.45912e-010
965	10	1.05739e-009
970	10	1.03251e-009
975	10	6.84194e-010
980	10	5.22475e-010
985	10	7.09073e-010
990	10	7.58833e-010
995	10	6.84194e-010
1000	10	4.35396e-010
0	-10	2.11478e-010
5	-10	2.73677e-010
10	-10	-2.48798e-010
15	-10	-8.70792e-011
20	-10	-4.97596e-011
25	-10	-6.21994e-011
30	-10	4.97595e-011
35	-10	-6.21994e-011
40	-10	-7.46393e-011
45	-10	4.97595e-011
50	-10	1.99038e-010
55	-10	1.86598e-010
60	-10	7.46393e-011
65	-10	-1.86598e-010
70	-10	2.11478e-010
75	-10	8.70791e-011
80	-10	-5.10035e-010
85	-10	-1.24399e-011
90	-10	1.49279e-010
95	-10	8.70791e-011
100	-10	3.73196e-011
105	-10	1.86598e-010
110	-10	2.36358e-010
115	-10	3.85636e-010
120	-10	-4.60276e-010
125	-10	9.95190e-011
130	-10	1.86598e-010
135	-10	1.24399e-010
140	-10	-1.24399e-011
145	-10	-8.70792e-011
150	-10	4.97595e-011
155	-10	-3.23437e-010
160	-10	-7.46393e-011
165	-10	-2.48798e-011
170	-10	-8.70792e-011
175	-10	1.24399e-010
180	-10	-1.86598e-010
185	-10	-4.10516e-010
190	-10	-3.85636e-010
195	-10	1.36839e-010
200	-10	2.61238e-010
205	-10	1.86598e-010
210	-10	-2.23918e-010
215	-10	2.36358e-010
220	-10	2.11478e-010
225	-10	3.73196e-011
230	-10	-9.95191e-011
235	-10	-1.74158e-010
240	-10	5.10035e-010
245	-10	4.35396e-010
250	-10	3.73196e-011
255	-10	-1.49279e-010
260	-10	8.70791e-011
265	-10	3.35877e-010
270	-10	3.73196e-011
275	-10	3.35877e-010
280	-10	3.10997e-010
285	-10	-8.70792e-011
290	-10	-2.48798e-011
295	-10	-1.86598e-010
300	-10	1.36839e-010
305	-10	3.73196e-011
310	-10	2.23918e-010
315	-10	4.47836e-010
320	-10	4.97595e-011
325	-10	4.97595e-011
330	-10	4.97595e-011
335	-10	4.97595e-011
340	-10	2.36358e-010
345	-10	2.61238e-010
350	-10	5.59795e-010
355	-10	5.10035e-010
360	-10	3.73196e-011
365	-10	-3.73197e-011
370	-10	-1.24399e-011
375	-10	3.73196e-011
380	-10	-1.49279e-010
385	-10	-3.73197e-011
390	-10	3.85636e-010
395	-10	5.47355e-010
400	-10	4.47836e-010
405	-10	2.86117e-010
410	-10	1.74158e-010
415	-10	1.86598e-010
420	-10	9.08111e-010
425	-10	2.86117e-010
430	-10	4.47836e-010
435	-10	7.09073e-010
440	-10	2.23918e-010
445	-10	8.21032e-010
450	-10	4.35396e-010
455	-10	3.60757e-010
460	-10	4.97595e-010
465	-10	2.73677e-010
470	-10	3.48317e-010
475	-10	1.36839e-010
480	-10	3.35877e-010
485	-10	1.28131e-009
490	-10	1.10715e-009
495	-10	6.46874e-010
500	-10	7.21513e-010
505	-10	5.97114e-010
510	-10	6.59314e-010
515	-10	8.33472e-010
520	-10	8.45912e-010
525	-10	5.84674e-010
530	-10	8.58352e-010
535	-10	5.97114e-010
540	-10	9.32991e-010
545	-10	7.21513e-010
550	-10	5.47355e-010
555	-10	6.46874e-010
560	-10	8.83232e-010
565	-10	6.09554e-010
570	-10	7.46393e-010
575	-10	8.95671e-010
580	-10	1.03251e-009
585	-10	6.84194e-010
590	-10	7.09073e-010
595	-10	7.21513e-010
600	-10	6.34434e-010
605	-10	7.46393e-010
610	-10	3.85636e-010
615	-10	8.70791e-011
620	-10	3.35877e-010
625	-10	5.97114e-010
630	-10	3.23437e-010
635	-10	3.35877e-010
640	-10	4.72715e-010
645	-10	4.47836e-010
650	-10	5.84674e-010
655	-10	-8.70792e-011
660	-10	5.59795e-010
665	-10	7.46393e-011
670	-10	3.48317e-010
675	-10	1.86598e-010
680	-10	-1.24399e-011
685	-10	6.71754e-010
690	-10	1.16562e-008
695	-10	4.39128e-009
700	-10	2.91093e-009
705	-10	4.57788e-009
710	-10	5.97114e-009
715	-10	7.61321e-009
720	-10	9.55383e-009
725	-10	1.43432e-008
730	-10	2.04760e-008
735	-10	3.83895e-008
740	-10	4.07605e-007
745	-10	4.07804e-007
750	-10	4.07804e-007
755	-10	4.07804e-007
760	-10	9.90588e-008
765	-10	1.33978e-008
770	-10	1.02380e-008
775	-10	7.91177e-009
780	-10	7.26489e-009
785	-10	3.03533e-009
790	-10	8.83232e-010
795	-10	5.22475e-010
800	-10	3.60757e-010
805	-10	1.36839e-010
810	-10	-3.48826e-017
815	-10	3.73196e-011
820	-10	1.11959e-010
825	-10	1.74158e-010
830	-10	2.36358e-010
835	-10	6.46874e-010
840	-10	3.73196e-010
845	-10	1.74158e-010
850	-10	5.97114e-010
855	-10	1.99038e-010
860	-10	6.09554e-010
865	-10	2.86117e-010
870	-10	4.85155e-010
875	-10	5.59795e-010
880	-10	5.59795e-010
885	-10	1.08227e-009
890	-10	9.08111e-010
895	-10	9.45431e-010
900	-10	5.84674e-010
905	-10	5.59795e-010
910	-10	7.58833e-010
915	-10	5.97114e-010
920	-10	8.21032e-010
925	-10	1.04495e-009
930	-10	9.70311e-010
935	-10	1.50523e-009
940	-10	1.50523e-009
945	-10	1.20667e-009
950	-10	8.08592e-010
955	-10	9.20551e-010
960	-10	9.95191e-010
965	-10	1.18179e-009
970	-10	6.21994e-010
975	-10	7.71273e-010
980	-10	5.47355e-010
985	-10	4.10516e-010
990	-10	4.10516e-010
995	-10	5.47355e-010
1000	-10	4.72715e-010
0	-30	1.24399e-010
5	-30	3.10997e-010
10	-30	-1.61718e-010
15	-30	6.21994e-011
20	-30	1.11959e-010
25	-30	3.10997e-010
30	-30	-3.60757e-010
35	-30	1.24399e-010
40	-30	-2.48798e-010
45	-30	-3.73197e-011
50	-30	1.86598e-010
55	-30	1.11959e-010
60	-30	4.97595e-011
65	-30	1.49279e-010
70	-30	-1.11959e-010
75	-30	2.36358e-010
80	-30	-4.10516e-010
85	-30	-1.11959e-010
90	-30	1.36839e-010
95	-30	2.86117e-010
100	-30	-3.85636e-010
105	-30	3.85636e-010
110	-30	1.86598e-010
115	-30	1.86598e-010
120	-30	-1.11959e-010
125	-30	6.21994e-011
130	-30	1.36839e-010
135	-30	-3.48826e-017
140	-30	-3.35877e-010
145	-30	-2.48798e-010
150	-30	1.74158e-010
155	-30	-1.86598e-010
160	-30	-2.86117e-010
165	-30	2.36358e-010
170	-30	3.10997e-010
175	-30	-3.85636e-010
180	-30	2.86117e-010
185	-30	2.11478e-010
190	-30	1.24399e-011
195	-30	-2.61238e-010
200	-30	1.24399e-011
205	-30	1.24399e-011
210	-30	4.97595e-011
215	-30	8.70791e-011
220	-30	1.24399e-011
225	-30	4.72715e-010
230	-30	-1.99038e-010
235	-30	-2.98557e-010
240	-30	3.85636e-010
245	-30	9.95190e-011
250	-30	2.86117e-010
255	-30	5.34915e-010
260	-30	-4.97596e-011
265	-30	2.36358e-010
270	-30	2.98557e-010
275	-30	5.10035e-010
280	-30	2.48797e-011
285	-30	8.70791e-011
290	-30	-1.49279e-010
295	-30	-1.24399e-011
300	-30	-2.11478e-010
305	-30	3.73196e-011
310	-30	2.48797e-011
315	-30	1.49279e-010
320	-30	1.74158e-010
325	-30	8.70791e-011
330	-30	1.11959e-010
335	-30	4.47836e-010
340	-30	6.21994e-011
345	-30	3.73196e-011
350	-30	2.11478e-010
355	-30	6.34434e-010
360	-30	2.86117e-010
365	-30	1.18179e-009
370	-30	6.46874e-010
375	-30	1.36839e-010
380	-30	3.48317e-010
385	-30	-1.24399e-011
390	-30	3.85636e-010
395	-30	1.49279e-010
400	-30	3.23437e-010
405	-30	6.09554e-010
410	-30	3.98076e-010
415	-30	1.49279e-010
420	-30	6.46874e-010
425	-30	4.22956e-010
430	-30	6.15774e-009
435	-30	1.46791e-009
440	-30	1.40571e-009
445	-30	7.83713e-010
450	-30	2.48798e-010
455	-30	7.46393e-011
460	-30	4.35396e-010
465	-30	4.22956e-010
470	-30	1.86598e-010
475	-30	1.86598e-010
480	-30	4.47836e-010
485	-30	3.98076e-010
490	-30	4.10516e-010
495	-30	4.72715e-010
500	-30	4.35396e-010
505	-30	3.48317e-010
510	-30	2.36358e-010
515	-30	4.10516e-010
520	-30	4.47836e-010
525	-30	6.46874e-010
530	-30	6.84194e-010
535	-30	6.71754e-010
540	-30	5.34915e-010
545	-30	7.96152e-010
550	-30	5.34915e-010
555	-30	7.83713e-010
560	-30	1.03251e-009
565	-30	8.58352e-010
570	-30	8.83232e-010
575	-30	7.21513e-010
580	-30	6.34434e-010
585	-30	3.98076e-010
590	-30	3.35877e-010
595	-30	5.97114e-010
600	-30	2.86117e-010
605	-30	2.73677e-010
610	-30	1.24399e-011
615	-30	2.48798e-010
620	-30	1.49279e-010
625	-30	4.97595e-010
630	-30	4.35396e-010
635	-30	-9.95191e-011
640	-30	-9.95191e-011
645	-30	3.35877e-010
650	-30	1.86598e-010
655	-30	3.85636e-010
660	-30	-7.46393e-011
665	-30	2.61238e-010
670	-30	3.10997e-010
675	-30	-9.95191e-011
680	-30	2.36358e-010
685	-30	1.91947e-008
690	-30	5.80943e-009
695	-30	6.13286e-009
700	-30	4.27932e-009
705	-30	4.13004e-009
710	-30	6.02090e-009
715	-30	7.60077e-009
720	-30	8.84476e-009
725	-30	9.64091e-009
730	-30	9.70311e-009
735	-30	1.43183e-008
740	-30	3.23437e-008
745	-30	6.30204e-008
750	-30	6.81084e-008
755	-30	4.07319e-007
760	-30	4.07481e-007
765	-30	1.79134e-008
770	-30	3.95091e-008
775	-30	4.17980e-009
780	-30	2.45066e-009
785	-30	1.40571e-009
790	-30	7.71273e-010
795	-30	3.98076e-010
800	-30	3.48317e-010
805	-30	1.99038e-010
810	-30	2.48798e-010
815	-30	1.86598e-010
820	-30	3.85636e-010
825	-30	8.70791e-011
830	-30	8.70791e-011
835	-30	1.61718e-010
840	-30	6.34434e-010
845	-30	1.49279e-010
850	-30	-4.97596e-011
855	-30	2.86117e-010
860	-30	6.34434e-010
865	-30	3.35877e-010
870	-30	6.84194e-010
875	-30	8.95671e-010
880	-30	7.83713e-010
885	-30	3.35877e-010
890	-30	3.85636e-010
895	-30	5.84674e-010
900	-30	5.47355e-010
905	-30	6.46874e-010
910	-30	8.70792e-010
915	-30	9.95191e-010
920	-30	1.03251e-009
925	-30	1.09471e-009
930	-30	1.56743e-009
935	-30	1.62962e-009
940	-30	1.34351e-009
945	-30	1.75402e-009
950	-30	1.80378e-009
955	-30	1.33107e-009
960	-30	1.08227e-009
965	-30	9.95191e-010
970	-30	9.20551e-010
975	-30	6.21994e-010
980	-30	4.35396e-010
985	-30	8.08592e-010
990	-30	4.72715e-010
995	-30	9.70311e-010
1000	-30	6.34434e-010
0	-50	-1.11959e-010
5	-50	9.95190e-011
10	-50	-2.73677e-010
15	-50	1.86598e-010
20	-50	3.10997e-010
25	-50	1.11959e-010
30	-50	-2.48798e-010
35	-50	1.86598e-010
40	-50	8.70791e-011
45	-50	2.98557e-010
50	-50	9.95190e-011
55	-50	-2.23918e-010
60	-50	-2.61238e-010
65	-50	2.48797e-011
70	-50	-2.48798e-010
75	-50	2.11478e-010
80	-50	-3.85636e-010
85	-50	-2.48798e-010
90	-50	-2.98557e-010
95	-50	2.86117e-010
100	-50	1.86598e-010
105	-50	-1.61718e-010
110	-50	-1.61718e-010
115	-50	-1.61718e-010
120	-50	4.35396e-010
125	-50	2.48798e-010
130	-50	3.23437e-010
135	-50	1.36839e-010
140	-50	-1.49279e-010
145	-50	-6.21994e-011
150	-50	3.35877e-010
155	-50	-1.99038e-010
160	-50	4.97595e-011
165	-50	3.85636e-010
170	-50	-1.99038e-010
175	-50	-3.48826e-017
180	-50	4.72715e-010
185	-50	3.85636e-010
190	-50	3.35877e-010
195	-50	-6.21994e-011
200	-50	3.23437e-010
205	-50	3.35877e-010
210	-50	3.73196e-011
215	-50	-3.48826e-017
220	-50	1.49279e-010
225	-50	1.99038e-010
230	-50	4.10516e-010
235	-50	1.49279e-010
240	-50	2.73677e-010
245	-50	3.48317e-010
250	-50	1.94062e-009
255	-50	7.46393e-010
260	-50	3.60757e-010
265	-50	1.24399e-010
270	-50	3.10997e-010
275	-50	1.49279e-010
280	-50	6.34434e-010
285	-50	4.60276e-010
290	-50	6.21994e-011
295	-50	2.98557e-010
300	-50	5.22475e-010
305	-50	4.22956e-010
310	-50	2.98557e-010
315	-50	4.47836e-010
320	-50	3.49561e-009
325	-50	1.19423e-009
330	-50	3.10997e-010
335	-50	1.86598e-010
340	-50	2.48798e-010
345	-50	4.22956e-010
350	-50	5.22475e-010
355	-50	7.83713e-010
360	-50	4.85155e-010
365	-50	5.47355e-010
370	-50	5.22475e-010
375	-50	1.86598e-010
380	-50	3.10997e-010
385	-50	8.33472e-010
390	-50	4.10516e-010
395	-50	1.86598e-010
400	-50	8.33472e-010
405	-50	5.72235e-010
410	-50	5.47355e-010
415	-50	8.21032e-010
420	-50	1.43059e-009
425	-50	2.10234e-009
430	-50	1.66694e-009
435	-50	7.21513e-010
440	-50	7.58833e-010
445	-50	7.96152e-010
450	-50	4.10516e-010
455	-50	6.34434e-010
460	-50	6.34434e-010
465	-50	4.72715e-010
470	-50	5.97114e-010
475	-50	7.71273e-010
480	-50	7.21513e-010
485	-50	8.58352e-010
490	-50	1.08227e-009
495	-50	9.08111e-010
500	-50	8.95671e-010
505	-50	9.82751e-010
510	-50	1.00763e-009
515	-50	7.71273e-010
520	-50	8.08592e-010
525	-50	6.46874e-010
530	-50	8.45912e-010
535	-50	7.09073e-010
540	-50	8.45912e-010
545	-50	1.11959e-009
550	-50	1.08227e-009
555	-50	9.45431e-010
560	-50	1.03251e-009
565	-50	9.32991e-010
570	-50	1.09471e-009
575	-50	8.33472e-010
580	-50	7.46393e-010
585	-50	4.35396e-010
590	-50	4.72715e-010
595	-50	5.72235e-010
600	-50	4.10516e-010
605	-50	3.85636e-010
610	-50	3.85636e-010
615	-50	8.70791e-011
620	-50	4.97595e-010
625	-50	1.24399e-010
630	-50	7.46393e-011
635	-50	9.95190e-011
640	-50	5.84674e-010
645	-50	1.86598e-010
650	-50	7.46393e-011
655	-50	8.70791e-011
660	-50	3.35877e-010
665	-50	2.48798e-010
670	-50	4.10516e-010
675	-50	-1.11959e-010
680	-50	3.35877e-010
685	-50	-2.23918e-010
690	-50	2.48798e-010
695	-50	8.33472e-010
700	-50	1.24399e-009
705	-50	1.97794e-009
710	-50	3.08509e-009
715	-50	4.06784e-009
720	-50	6.65534e-009
725	-50	8.44668e-009
730	-50	1.10715e-008
735	-50	4.07394e-007
740	-50	4.07667e-007
745	-50	4.07369e-007
750	-50	4.07804e-007
755	-50	7.30221e-008
760	-50	4.21463e-008
765	-50	2.46061e-008
770	-50	1.44427e-008
775	-50	7.68785e-009
780	-50	2.43822e-009
785	-50	1.53011e-009
790	-50	5.47355e-010
795	-50	4.10516e-010
800	-50	6.71754e-010
805	-50	2.36358e-010
810	-50	5.72235e-010
815	-50	8.70791e-011
820	-50	4.47836e-010
825	-50	2.61238e-010
830	-50	1.74158e-010
835	-50	4.60276e-010
840	-50	1.86598e-010
845	-50	1.11959e-010
850	-50	6.59314e-010
855	-50	3.85636e-010
860	-50	6.34434e-010
865	-50	7.83713e-010
870	-50	8.95671e-010
875	-50	1.08227e-009
880	-50	4.97595e-010
885	-50	5.59795e-010
890	-50	4.35396e-010
895	-50	2.25162e-009
900	-50	2.52530e-009
905	-50	1.60474e-009
910	-50	3.53293e-009
915	-50	3.54537e-009
920	-50	3.06021e-009
925	-50	1.64206e-009
930	-50	1.13203e-009
935	-50	2.59994e-009
940	-50	2.06502e-009
945	-50	1.23155e-009
950	-50	9.45431e-010
955	-50	7.46393e-010
960	-50	1.14447e-009
965	-50	1.48035e-009
970	-50	2.33870e-009
975	-50	9.79019e-009
980	-50	2.18942e-009
985	-50	4.22956e-009
990	-50	1.40571e-009
995	-50	8.08592e-010
1000	-50	9.32991e-010
